Displacement - Plot 0	Force - Plot 0	
49,9999	-0,0973979	
49,9999	-0,146097	
49,9999	-0,0973979	
49,9999	-0,0973979	
49,9999	-0,0973979	
49,9999	-0,0730485	
49,9999	-0,0730485	
49,9999	-0,0730485	
49,9999	-0,048699	
49,9999	-0,0973979	
49,9999	-0,0973979	
49,9999	-0,0973979	
49,9999	-0,0730485	
49,9999	-0,0730485	
49,9999	-0,0973979	
49,9999	-0,0973979	
49,9999	-0,0973979	
49,9999	-0,0973979	
49,9999	-0,0973979	
49,9999	-0,0973979	
49,9999	-0,0973979	
49,9999	-0,0973979	
49,9999	-0,0973979	
49,9999	-0,0973979	
50,0803	-0,048699	
50,1738	0,0243495	
50,3002	-0,0243495	
50,3839	0,0243495	
50,4714	0,048699	
50,6139	0,0243495	
50,7096	0,048699	
50,8039	0	
50,8976	0,0730485	
51,0242	0,0730485	
51,1194	0,121747	
51,2625	0,94963	
51,3901	1,70446	
51,5322	2,3132	
51,6595	2,4593	
51,7855	2,87324	
51,9117	3,14108	
52,0392	3,50633	
52,1492	3,77417	
52,2752	3,99332	
52,4031	4,18811	
52,5464	4,38291	
52,6891	4,529	
52,815	4,65075	
52,9429	4,8699	
53,0847	4,89425	
53,1948	5,04034	
53,3385	5,18644	
53,4318	5,25949	
53,5766	5,33254	
53,6866	5,42994	
53,8139	5,47863	
53,9079	5,57603	
54,0028	5,64908	
54,1281	5,67343	
54,2075	5,74648	
54,318	5,81953	
54,4601	5,84388	
54,5564	5,94127	
54,6663	5,96562	
54,76	6,01432	
54,876	6,03867	
54,9658	6,11172	
55,0611	6,13607	
55,1543	6,16042	
55,2496	6,20912	
55,4243	6,23347	
55,5089	6,28217	
55,6091	6,28217	
55,7198	6,35522	
55,8152	6,37957	
55,8939	6,40391	
56,0198	6,45261	
56,1139	6,47696	
56,2097	6,47696	
56,3043	6,52566	
56,3985	6,50131	
56,4677	6,52566	
56,5352	6,64741	
56,6782	6,59871	
56,772	6,59871	
56,8671	6,62306	
56,9622	6,64741	
57,0575	6,64741	
57,1663	6,67176	
57,2637	6,67176	
57,356	6,72046	
57,4502	6,67176	
57,5283	6,69611	
57,639	6,72046	
57,7351	6,72046	
57,8288	6,79351	
57,9245	6,74481	
58,0189	6,81786	
58,161	6,81786	
58,2541	7,1344	
58,3986	6,91525	
58,4932	7,2318	
58,634	6,96395	
58,7289	7,037	
58,8092	7,1344	
58,9023	7,1344	
58,9968	7,06135	
59,0914	7,037	
59,203	7,0857	
59,297	7,06135	
59,3922	7,06135	
59,4691	7,0857	
59,564	7,11005	
59,6584	7,15875	
59,753	7,20745	
59,8369	7,20745	
59,9086	7,20745	
59,9988	7,20745	
59,9999	7,20745	
59,9999	7,06135	
59,9999	7,1344	
59,9999	7,1831	
59,9999	7,1831	
59,9999	7,1344	
59,9999	7,1344	
59,9999	7,1344	
59,9999	7,1344	
59,9999	7,1831	
59,9999	7,1831	
59,9999	7,15875	
59,9999	7,1344	
59,9999	7,01265	
59,9999	7,01265	
59,9999	7,037	
59,9999	7,11005	
59,9999	6,86655	
59,9999	6,91525	
59,9999	6,81786	
59,9999	6,86655	
59,9999	6,74481	
59,9999	6,86655	
59,9999	6,8909	
59,9999	7,06135	
59,9999	7,06135	
59,9999	6,9883	
59,9999	7,1344	
59,9999	7,01265	
59,9999	7,01265	
59,9999	6,91525	
59,9999	6,9883	
59,9999	6,96395	
59,9999	6,84221	
59,9999	6,8909	
59,9999	6,84221	
59,9999	6,86655	
59,9999	6,91525	
59,9999	7,1344	
59,9999	7,20745	
59,9999	7,2318	
59,9999	7,20745	
59,9999	7,11005	
59,9999	7,037	
59,9999	6,9883	
59,9999	6,96395	
59,9999	6,96395	
59,9999	7,01265	
59,9999	7,06135	
59,9999	7,0857	
59,9999	7,15875	
59,9999	7,1344	
59,9999	6,79351	
59,9999	6,76916	
59,9999	6,9396	
59,9999	6,8909	
59,9999	6,96395	
59,9999	7,11005	
59,9999	7,0857	
59,9999	7,11005	
59,9999	7,1344	
59,9999	7,11005	
59,9999	7,15875	
59,9999	7,11005	
59,9999	7,06135	
59,9999	6,8909	
59,9999	6,79351	
59,9999	6,69611	
59,9999	6,74481	
59,9999	7,037	
59,9999	7,037	
59,9999	6,9883	
59,9999	6,84221	
59,9999	6,96395	
59,9999	7,01265	
59,9999	6,9396	
59,9999	6,79351	
59,9999	6,84221	
59,9999	6,86655	
59,9206	6,96395	
59,8254	6,40391	
59,7309	6,33087	
59,6377	6,35522	
59,5435	6,35522	
59,4477	6,35522	
59,3544	6,40391	
59,2699	6,40391	
59,1803	6,35522	
59,1012	6,35522	
59,0239	6,35522	
58,93	6,35522	
58,8345	6,16042	
58,7415	6,06302	
58,6622	6,23347	
58,5676	6,06302	
58,4738	6,25782	
58,3782	6,03867	
58,2679	6,06302	
58,1733	6,03867	
58,0787	6,13607	
57,9848	6,16042	
57,9057	6,13607	
57,8117	5,98997	
57,7158	6,08737	
57,6368	6,06302	
57,544	5,98997	
57,4493	6,03867	
57,365	6,01432	
57,2789	6,03867	
57,1836	6,01432	
57,0892	6,01432	
56,9941	6,01432	
56,8995	5,98997	
56,8057	5,98997	
56,7118	5,96562	
56,617	5,94127	
56,5218	5,91693	
56,4265	5,89258	
56,3323	5,86823	
56,2381	5,69778	
56,1544	5,74648	
56,0636	5,74648	
55,9709	5,69778	
55,877	5,67343	
55,7807	5,47863	
55,6869	5,57603	
55,5933	5,55168	
55,4982	5,57603	
55,4037	5,52733	
55,3103	5,50298	
55,214	5,45428	
55,1208	5,40559	
55,0262	5,38124	
54,9299	5,30819	
54,8533	5,28384	
54,775	5,23514	
54,6784	5,06469	
54,5846	5,01599	
54,49	5,13774	
54,3958	5,06469	
54,3022	5,08904	
54,2064	4,99164	
54,1115	4,99164	
54,0187	4,9186	
53,9246	4,9673	
53,8291	4,89425	
53,7187	4,7725	
53,6241	4,6264	
53,5288	4,65075	
53,4337	4,55335	
53,3562	4,50465	
53,2626	4,45596	
53,1677	4,38291	
53,0734	4,26116	
52,9778	4,18811	
52,8837	4,06636	
52,7883	3,99332	
52,6949	3,74982	
52,5987	3,67677	
52,5049	3,55502	
52,4113	3,33588	
52,317	3,11673	
52,2209	2,97064	
52,1274	2,77584	
52,0331	2,508	
51,9389	2,2158	
51,8435	1,82621	
51,7493	1,46097	
51,6539	1,02268	
51,5596	0,560038	
51,4816	0,219145	
51,4038	-0,170446	
51,2931	-0,267844	
51,1498	-0,267844	
51,0713	-0,292194	
50,9763	-0,267844	
50,8815	-0,267844	
50,7709	-0,267844	
50,6768	-0,316543	
50,5824	-0,267844	
50,4864	-0,292194	
50,4093	-0,292194	
50,3144	-0,340893	
50,2048	-0,340893	
50,1112	-0,365242	
50,0148	-0,365242	
50	-0,389592	
50	-0,365242	
50	-0,267844	
50	-0,267844	
50	-0,243495	
50	-0,267844	
50	-0,267844	
50	-0,243495	
50	-0,243495	
50	-0,243495	
50	-0,243495	
50	-0,267844	
50	-0,219145	
50	-0,219145	
50	-0,194796	
50	-0,194796	
50	-0,170446	
50	-0,194796	
50	-0,194796	
50	-0,194796	
50	-0,170446	
50	-0,170446	
50	-0,121747	
50	-0,146097	
50	-0,170446	
50	-0,170446	
50	-0,194796	
50	-0,194796	
50	-0,194796	
50	-0,194796	
50	-0,146097	
50	-0,146097	
50	-0,121747	
50	-0,121747	
50	-0,146097	
50	-0,146097	
50	-0,0973979	
50	-0,121747	
50	-0,146097	
50	-0,219145	
50	-0,243495	
50	-0,0730485	
50	-0,121747	
50	-0,048699	
50	-0,0730485	
50	-0,0243495	
50	-0,0730485	
50	-0,0243495	
50	0,0243495	
50	0,0730485	
50	0,0243495	
50	0	
50	0,048699	
50	0,048699	
50	0,0243495	
50	0,048699	
50	0,0243495	
50	0	
50	0,0243495	
50	0	
50	0	
50	0	
50	0,0243495	
50	0,0243495	
50	0,0243495	
50	0,048699	
50	0,048699	
50	0,0973979	
50	0	
50	0,048699	
50	0,0730485	
50	0,0730485	
50	0,0243495	
50	0,048699	
50	0,048699	
50	0,0730485	
50	0,0730485	
50	0,0730485	
50	0,0730485	
50	0,0730485	
50	0,0973979	
50	0,194796	
50	0,0973979	
50	0,048699	
50	0,048699	
50	0,0243495	
50	0	
50	0,0243495	
50	0,0730485	
50	0,0973979	
50	-0,0730485	
50	0,0243495	
50	0,0243495	
50	-0,0243495	
50	0,0243495	
50	-0,048699	
50	-0,0973979	
50	-0,0243495	
50	0,0973979	
50	-0,048699	
50	0,170446	
50	0,0243495	
50	0,0243495	
50	0,0973979	
50	0,121747	
50	0,0973979	
50	0,0730485	
50	0,0973979	
50	0,0243495	
50	0,0730485	
50	0,048699	
50	0,0243495	
50	-0,0243495	
50	-0,0730485	
50	-0,0973979	
50	-0,048699	
50	-0,0730485	
50	-0,048699	
50	0,0243495	
50	0,048699	
50	0,048699	
50	0,0243495	
50	0,0243495	
50	0,0243495	
50	0,0973979	
50	0,0973979	
50	0,0973979	
50	0,048699	
50	0,0243495	
50	0,0243495	
50	0,0243495	
50	0,048699	
50	0,0243495	
50	0,121747	
50	0,0730485	
50	0,048699	
50	0,048699	
50	0,121747	
50	0,121747	
50	0,121747	
50	0,146097	
50	0,121747	
50	0,121747	
50	0,0973979	
50	0,121747	
50	0,0730485	
50	0,048699	
50	0,146097	
50	-0,219145	
50	-0,170446	
50	-0,0973979	
50	-0,0973979	
50	-0,0973979	
50	-0,121747	
50	-0,0973979	
50	-0,0973979	
50	-0,121747	
50	-0,0973979	
50	0	
50	0,340893	
50	0,779184	
50	-0,0730485	
50	-0,340893	
50	-0,219145	
50	-0,267844	
50	-0,340893	
50	-0,389592	
50	-0,365242	
50	-0,365242	
50	-0,316543	
50	-0,170446	
50	-0,267844	
50	-0,170446	
50	-0,243495	
50	0,0243495	
50	-0,146097	
50	-0,146097	
50	-0,219145	
50	-0,267844	
50	-0,194796	
50	-0,194796	
50	-0,146097	
50	-0,0973979	
50	-0,0973979	
50	-0,0973979	
50	-0,048699	
50	0,0973979	
50	-0,146097	
50	-0,0730485	
50	-0,146097	
50	0,0243495	
50	-0,0730485	
50	0,0243495	
50	-0,0973979	
50	-0,243495	
50	-0,0243495	
50	-0,146097	
50	-0,170446	
50	-0,0973979	
50	-0,170446	
50	-0,048699	
50	-0,170446	
50	-0,219145	
50	-0,194796	
50	-0,121747	
50	-0,0730485	
50	-0,146097	
50	-0,0730485	
50	-0,0730485	
50	-0,048699	
50	-0,048699	
50	0	
50	-0,048699	
50	-0,0730485	
50	-0,048699	
50	-0,0730485	
50	-0,0973979	
50	-0,0730485	
50	-0,121747	
50	-0,170446	
50	-0,0973979	
50	-0,048699	
50	-0,0243495	
50	-0,0730485	
50	-0,0973979	
50	-0,146097	
50	-0,0730485	
50	-0,194796	
50	-0,121747	
50	-0,194796	
50	-0,146097	
50	-0,121747	
50	-0,219145	
50	-0,0973979	
50	-0,170446	
50	-0,170446	
50	-0,146097	
50	-0,219145	
50	-0,194796	
50	-0,048699	
50	-0,170446	
50	-0,048699	
50	-0,170446	
50	-0,0973979	
50	-0,0973979	
50	-0,219145	
50	-0,0243495	
50	-0,194796	
50	-0,048699	
50	-0,219145	
50	0,0243495	
50	-0,194796	
50	-0,0243495	
50	-0,0243495	
50	-0,0243495	
50	-0,0973979	
50	-0,146097	
50	-0,121747	
50	-0,121747	
50	-0,0973979	
50	-0,146097	
50	-0,170446	
50	-0,170446	
50	-0,219145	
50	-0,219145	
50	-0,170446	
50	-0,0973979	
50	-0,0730485	
50	-0,0243495	
50	0,0243495	
50	0,0243495	
50	0,0243495	
50	-0,0243495	
50	-0,0243495	
50	0	
50	0	
50	-0,048699	
50	-0,0243495	
50	-0,0730485	
50	-0,0243495	
50	-0,0243495	
50	-0,048699	
50	-0,0973979	
50	-0,0973979	
50	-0,0730485	
50	-0,0730485	
50	-0,0730485	
50	-0,0973979	
50	-0,121747	
50	-0,0730485	
50	-0,146097	
50	-0,0973979	
50	-0,0973979	
50	-0,0973979	
50	-0,048699	
50	-0,0243495	
50	-0,0730485	
50	0	
50	-0,048699	
50	-0,121747	
50	-0,0730485	
50	-0,048699	
50	-0,0973979	
50	-0,0973979	
50	-0,121747	
50	-0,121747	
50	-0,146097	
50	-0,0730485	
50	-0,0973979	
50	-0,0243495	
50	-0,048699	
50	-0,0243495	
50	0,0243495	
50	-0,0243495	
50	-0,0730485	
50	-0,146097	
50	-0,0973979	
50	-0,048699	
50	-0,048699	
50	-0,0730485	
50	0,048699	
50	0,048699	
50	-0,048699	
50	-0,170446	
50	0	
50	0,0243495	
50	0	
50	-0,0243495	
50	-0,0730485	
50	-0,0243495	
50	-0,0243495	
50	-0,048699	
50	-0,0730485	
50	-0,170446	
50	-0,170446	
50	-0,170446	
50	-0,146097	
50	-0,121747	
50	-0,121747	
50	-0,146097	
50	-0,0973979	
50	-0,0730485	
50	-0,146097	
50	-0,0973979	
50	-0,121747	
50	-0,146097	
50	-0,146097	
50	-0,146097	
50	-0,146097	
50	-0,146097	
50	-0,146097	
50	-0,170446	
50	-0,194796	
50	-0,170446	
50	-0,194796	
50	-0,194796	
50	-0,170446	
50	-0,170446	
50	-0,194796	
50	-0,194796	
50	-0,048699	
50	-0,0243495	
50	-0,0730485	
50	-0,0730485	
50	-0,0730485	
50	-0,048699	
50	-0,048699	
50	-0,0243495	
50	-0,0730485	
50	-0,0973979	
50	-0,0730485	
50	-0,0730485	
50	-0,0973979	
50	0	
50	-0,048699	
50	-0,0973979	
50	-0,0730485	
50	-0,146097	
50	-0,146097	
50	-0,0973979	
50	-0,121747	
50	-0,0973979	
50	-0,0730485	
50	-0,146097	
50	-0,146097	
50	-0,170446	
50	-0,121747	
50	-0,121747	
50	-0,146097	
50	-0,146097	
50	-0,121747	
50	-0,121747	
50	-0,146097	
50	-0,0973979	
50	-0,0973979	
50	-0,121747	
50	-0,121747	
50	-0,0730485	
50	-0,121747	
50	-0,194796	
50	-0,170446	
50	-0,170446	
50	-0,194796	
50	-0,170446	
50	-0,194796	
50	-0,194796	
50	-0,194796	
50	-0,170446	
50	-0,194796	
50	-0,170446	
50	-0,194796	
50	-0,194796	
50	-0,146097	
50	-0,121747	
50	-0,170446	
50	-0,170446	
50	-0,146097	
50	-0,170446	
50	-0,170446	
50	-0,121747	
50	-0,146097	
50	-0,146097	
50	-0,170446	
50	-0,0973979	
50	-0,121747	
50	-0,146097	
50	-0,0973979	
50	-0,0730485	
50	-0,0730485	
50	-0,0973979	
50	-0,0973979	
50	-0,121747	
50	-0,146097	
50	-0,0973979	
50	-0,121747	
50	-0,121747	
50	-0,146097	
50	-0,121747	
50	-0,0973979	
50	-0,146097	
50	-0,0973979	
50	-0,0973979	
50	-0,0973979	
50	-0,0973979	
50	-0,0973979	
50	-0,0973979	
50	-0,121747	
50	-0,121747	
50	-0,0973979	
50	-0,121747	
50	-0,170446	
50	-0,170446	
50	-0,194796	
50	-0,146097	
50	-0,121747	
50	-0,0973979	
50	-0,121747	
50	-0,0973979	
