Displacement - Plot 0	Force - Plot 0	
48,5	-0,219145	
48,5	-0,0973979	
48,5	-0,170446	
48,5	-0,170446	
48,5	-0,219145	
48,5	-0,170446	
48,5	-0,170446	
48,5	-0,146097	
48,5	-0,170446	
48,5	-0,170446	
48,5	-0,146097	
48,5	-0,170446	
48,5	-0,170446	
48,5	-0,146097	
48,5	-0,170446	
48,5	-0,170446	
48,5	-0,170446	
48,5	-0,170446	
48,5	-0,535689	
48,5	-0,852232	
48,5	-0,779184	
48,5	-1,09573	
48,5	-0,121747	
48,5	-0,121747	
48,5	-0,194796	
48,5	-0,584388	
48,5	-0,852232	
48,5	-0,170446	
48,5	-0,170446	
48,5	-0,170446	
48,5	-0,170446	
48,5	-0,170446	
48,5	-0,170446	
48,5	-0,170446	
48,5	-0,170446	
48,5	-0,413941	
48,5	-0,389592	
48,5	-0,46264	
48,5	-0,194796	
48,5	-0,292194	
48,5	-0,267844	
48,5	-0,170446	
48,5	-0,170446	
48,5	-0,413941	
48,5	-0,316543	
48,5	-0,146097	
48,5	-0,170446	
48,5	-0,146097	
48,5	-0,170446	
48,5	-0,121747	
48,5	-0,121747	
48,5	-0,146097	
48,5	-0,0730485	
48,5	-0,0730485	
48,5	-0,194796	
48,5	-0,170446	
48,5	-0,194796	
48,5	-0,194796	
48,5	-0,170446	
48,5	-0,170446	
48,5	-0,146097	
48,5	-0,121747	
48,5	-0,0973979	
48,5	-0,0973979	
48,5	0,340893	
48,5	0,438291	
48,5	-0,0243495	
48,5	-0,170446	
48,5	-0,170446	
48,5	-0,146097	
48,5	-0,170446	
48,5	-0,170446	
48,5	-0,170446	
48,5	-0,170446	
48,5	-0,170446	
48,5	-0,0973979	
48,5	-0,170446	
48,5	-0,0973979	
48,5	-0,170446	
48,5	-0,170446	
48,5	-0,0973979	
48,5	-0,0973979	
48,5	-0,121747	
48,5	0,876581	
48,5	0,973979	
48,5	0,657436	
48,5	0,48699	
48,5	0,535689	
48,5	0,560038	
48,5	0,584388	
48,5	0,657436	
48,5	0,219145	
48,5	-0,121747	
48,5	-0,0243495	
48,5	-0,170446	
48,5	-0,146097	
48,5	-0,170446	
48,5	-0,94963	
48,5	-0,706135	
48,5	-0,998329	
48,5	-0,121747	
48,5	-0,146097	
48,5	-0,170446	
48,5	-0,170446	
48,5	-0,146097	
48,5	0,219145	
48,5	0,511339	
48,5	0,267844	
48,5	0,0973979	
48,5	0,048699	
48,5	-0,170446	
48,5	-0,194796	
48,5	-0,146097	
48,5	-0,146097	
48,5	-0,170446	
48,5	-0,121747	
48,5	-0,0973979	
48,5	0,0243495	
48,5	0,219145	
48,5	0,267844	
48,5	0,194796	
48,5	0,194796	
48,5	0,048699	
48,5	0,0243495	
48,5	0,0243495	
48,5	0,0973979	
48,5	0,0730485	
48,5	0,121747	
48,5	0,121747	
48,5	0,194796	
48,5	0,219145	
48,5	0,754834	
48,5	0,535689	
48,5	0,681786	
48,5	0,779184	
48,5	0,730485	
48,5	0,681786	
48,5	0,706135	
48,5	0,657436	
48,5	0,608737	
48,5	0,657436	
48,5	0,316543	
48,5	0,316543	
48,5	0,389592	
48,5	0,365242	
48,5	0,316543	
48,5	0,243495	
48,5	0,243495	
48,5	0,292194	
48,5	0,316543	
48,5	0,243495	
48,5	0,389592	
48,5	0,94963	
48,5	0,827883	
48,5	0,973979	
48,5	0,438291	
48,5	0,511339	
48,5	0,633087	
48,5	0,340893	
48,5	0,365242	
48,5	0,219145	
48,5	0,170446	
48,5	0,0730485	
48,5	0,0730485	
48,5	-0,121747	
48,5	-0,194796	
48,5	-0,170446	
48,5	-0,170446	
48,5	-0,170446	
48,5	-0,170446	
48,5	-0,146097	
48,5	-0,146097	
48,5	-0,170446	
48,5	-0,146097	
48,5	-0,170446	
48,5	-0,194796	
48,5	-0,194796	
48,5	-0,194796	
48,5	-0,194796	
48,5	-0,170446	
48,5	-0,146097	
48,5	-0,121747	
48,5	-0,121747	
48,5	-0,146097	
48,5	-0,194796	
48,5	-0,194796	
48,5	-0,170446	
48,5	-0,170446	
48,5	-0,146097	
48,5	-0,121747	
48,5	-0,121747	
48,5	-0,146097	
48,5	-0,146097	
48,5	-0,146097	
48,5	-0,146097	
48,5	-0,121747	
48,5	-0,146097	
48,5	-0,146097	
48,5	-0,170446	
48,5	-0,170446	
48,5	-0,194796	
48,5	-0,194796	
48,5	-0,194796	
48,5	-0,194796	
48,5	-0,170446	
48,5	-0,121747	
48,5	-0,121747	
48,5	-0,146097	
48,5	-0,146097	
48,5	-0,146097	
48,5	-0,121747	
48,5	-0,121747	
48,5	-0,146097	
48,5	-0,121747	
48,5	-0,146097	
48,5	-0,121747	
48,5	-0,146097	
48,5	-0,121747	
48,5	-0,146097	
48,5	-0,146097	
48,5	-0,146097	
48,5	-0,146097	
48,5	-0,121747	
48,5	-0,121747	
48,5	-0,146097	
48,5	-0,121747	
48,5	-0,146097	
48,5	-0,146097	
48,5	-0,121747	
48,5	-0,146097	
48,5	-0,146097	
48,5	-0,121747	
48,5	-0,121747	
48,5	-0,146097	
48,5	-0,146097	
48,5	-0,121747	
48,5	-0,146097	
48,5	-0,121747	
48,5	-0,121747	
48,5	-0,146097	
48,5	-0,146097	
48,5	-0,146097	
48,5	-0,121747	
48,5	-0,146097	
48,5	-0,146097	
48,5	-0,146097	
48,5	-0,146097	
48,5	-0,146097	
48,5	-0,121747	
48,5	-0,121747	
48,5	-0,146097	
48,5	-0,146097	
48,5	-0,146097	
48,5	-0,146097	
48,5	-0,121747	
48,5	-0,121747	
48,5	-0,146097	
48,5	-0,146097	
48,5	-0,146097	
48,5	-0,146097	
48,5	-0,146097	
48,5	-0,146097	
48,5	-0,146097	
48,5	-0,121747	
48,5	-0,121747	
48,5	-0,146097	
48,5	-0,146097	
48,5	-0,121747	
48,5	-0,121747	
48,5	-0,121747	
48,5	-0,146097	
48,5	-0,146097	
48,5	-0,146097	
48,5	-0,121747	
48,5	-0,146097	
48,5	-0,121747	
48,5	-0,146097	
48,5	-0,146097	
48,5	-0,146097	
48,5	-0,146097	
48,5	-0,146097	
48,5	-0,121747	
48,5	-0,146097	
48,5	-0,146097	
48,5	-0,146097	
48,5	-0,146097	
48,5	-0,146097	
48,5	-0,146097	
48,5	-0,146097	
48,5	-0,170446	
48,5	-0,194796	
48,5	-0,194796	
48,5	-0,194796	
48,5	-0,170446	
48,5	-0,121747	
48,5	0	
48,5	-0,0730485	
48,5	-0,0730485	
48,5	-0,048699	
48,5	-0,0730485	
48,5	-0,0730485	
48,5	-0,0730485	
48,5	-0,0730485	
48,5	-0,0730485	
48,5	-0,0730485	
48,5	-0,0730485	
48,5	-0,0730485	
48,5	-0,0730485	
48,5	-0,0730485	
48,5	-0,048699	
48,5	-0,0730485	
48,5	-0,0730485	
48,5	-0,048699	
48,5	-0,0730485	
48,5	-0,048699	
48,5	-0,048699	
48,5	-0,048699	
48,5	-0,0730485	
48,5	-0,0730485	
48,5	-0,048699	
48,5	-0,0730485	
48,5	-0,0730485	
48,5	-0,0730485	
48,5	-0,048699	
48,5	-0,0730485	
48,5	-0,0730485	
48,5	-0,0730485	
48,5	-0,0730485	
48,5	-0,048699	
48,5	-0,0730485	
48,5	-0,0730485	
48,5	-0,0730485	
48,5	-0,0730485	
48,5	-0,048699	
48,5	-0,0730485	
48,5	-0,0730485	
48,5	-0,048699	
48,5	-0,0730485	
48,5	-0,0730485	
48,5	-0,0730485	
48,5	-0,0730485	
48,5	-0,0730485	
48,5	-0,048699	
48,5	-0,0730485	
48,5	-0,0730485	
48,5	-0,0730485	
48,5	-0,048699	
48,5	-0,0730485	
48,5	-0,0730485	
48,5	-0,048699	
48,5	-0,048699	
48,5	-0,0730485	
48,5	-0,048699	
48,5	-0,0730485	
48,5	-0,0730485	
48,5	-0,048699	
48,5	-0,048699	
48,5	-0,0730485	
48,5	-0,0730485	
48,5	-0,048699	
48,5	-0,048699	
48,5	-0,048699	
48,5	-0,0730485	
48,5	-0,0730485	
48,5	-0,0730485	
48,5	-0,0730485	
48,5	-0,0730485	
48,5	-0,0730485	
48,5	-0,048699	
48,5	-0,0730485	
48,5	-0,048699	
48,5	-0,0730485	
48,5	-0,048699	
48,5	-0,0730485	
48,5	-0,0730485	
48,5	-0,048699	
48,5	-0,0730485	
48,5	-0,048699	
48,5	-0,0730485	
48,5	-0,0730485	
48,5	-0,048699	
48,5	-0,0730485	
48,5	-0,0730485	
48,5	-0,0730485	
48,5	-0,0730485	
48,5	-0,0730485	
48,5	-0,048699	
48,5	-0,0730485	
48,5	-0,0730485	
48,5	-0,048699	
48,5	-0,048699	
48,5	-0,048699	
48,5	-0,0730485	
48,5	-0,0730485	
48,5	-0,048699	
48,5	-0,0730485	
48,5	-0,0730485	
48,5	-0,0730485	
48,5	-0,048699	
48,5	-0,0730485	
48,5	-0,0730485	
48,5	-0,048699	
48,564	-0,048699	
48,6739	0,121747	
48,7682	0,0973979	
48,8789	1,02268	
49,0056	1,63142	
49,1329	1,24182	
49,2266	2,4106	
49,3689	2,99499	
49,4971	3,60372	
49,6391	4,16376	
49,766	4,5777	
49,8929	4,8699	
50,0195	5,04034	
50,1461	5,16209	
50,2404	5,23514	
50,3694	5,33254	
50,4612	5,40559	
50,6055	5,52733	
50,7008	5,69778	
50,8258	5,81953	
50,9527	5,84388	
51,0478	5,94127	
51,1318	6,01432	
51,258	6,01432	
51,3464	6,03867	
51,4144	6,11172	
51,5202	6,13607	
51,6133	6,18477	
51,7242	6,18477	
51,8086	6,20912	
51,9268	6,23347	
52,0064	6,33087	
52,1474	6,35522	
52,2267	6,45261	
52,3382	6,42826	
52,431	6,45261	
52,5427	6,47696	
52,6378	6,52566	
52,7803	6,55001	
52,8758	6,59871	
52,9695	6,62306	
53,065	6,62306	
53,1738	6,67176	
53,27	6,64741	
53,3641	6,67176	
53,4587	6,64741	
53,5522	6,67176	
53,6465	6,69611	
53,7322	6,69611	
53,8201	6,67176	
53,9133	6,72046	
53,9906	6,72046	
54,0855	6,74481	
54,18	6,76916	
54,3224	6,79351	
54,4176	6,76916	
54,5134	6,79351	
54,6075	6,74481	
54,7017	6,76916	
54,7793	6,81786	
54,8751	6,81786	
54,9689	6,79351	
55,0642	6,81786	
55,1571	6,79351	
55,2356	6,81786	
55,3147	6,79351	
55,4087	6,81786	
55,5032	6,84221	
55,5994	6,86655	
55,6931	6,84221	
55,7875	6,86655	
55,886	6,86655	
55,9761	6,8909	
56,0707	6,91525	
56,1658	6,9396	
56,2607	6,9396	
56,3541	6,9396	
56,465	6,91525	
56,5618	6,91525	
56,6553	6,9396	
56,7488	6,9396	
56,843	6,96395	
56,9409	6,9883	
57,0327	6,9883	
57,144	6,9883	
57,2385	7,01265	
57,3651	7,01265	
57,4587	7,0857	
57,554	7,06135	
57,6488	7,037	
57,7433	7,037	
57,8382	7,06135	
57,9316	7,06135	
58,0259	7,06135	
58,1372	7,037	
58,2323	7,0857	
58,326	7,06135	
58,4199	7,06135	
58,5159	7,06135	
58,6092	7,11005	
58,7043	7,11005	
58,7983	7,1344	
58,8928	7,1344	
58,9867	7,15875	
59,0812	7,1344	
59,1925	7,1344	
59,2884	7,15875	
59,3824	7,15875	
59,4764	7,1344	
59,5874	7,15875	
59,6983	7,15875	
59,7922	7,1831	
59,9023	7,20745	
59,9959	7,2318	
59,9999	7,20745	
59,9999	7,1344	
59,9999	7,15875	
59,9999	7,15875	
59,9999	7,15875	
59,9999	7,15875	
59,9999	7,15875	
59,9999	7,15875	
59,9999	7,15875	
59,9999	7,15875	
59,9999	7,1831	
59,9999	7,1831	
59,9999	7,1831	
59,9999	7,1831	
59,9999	7,1831	
59,9999	7,15875	
59,9999	7,1831	
59,9999	7,15875	
59,9999	7,1831	
59,9999	7,1831	
59,9999	7,1831	
59,9999	7,1831	
59,9999	7,15875	
59,9999	7,15875	
59,9999	7,1831	
59,9999	7,1831	
59,9999	7,15875	
59,9999	7,1831	
59,9999	7,15875	
59,9999	7,1831	
59,9999	7,1831	
59,9999	7,1831	
59,9999	7,1831	
59,9999	7,1831	
59,9999	7,15875	
59,9381	7,15875	
59,8428	6,62306	
59,7587	6,57436	
59,6563	6,59871	
59,5613	6,59871	
59,4834	6,59871	
59,3897	6,62306	
59,3098	6,59871	
59,216	6,59871	
59,1206	6,55001	
59,0095	6,55001	
58,926	6,55001	
58,8372	6,52566	
58,7615	6,50131	
58,6668	6,47696	
58,5713	6,50131	
58,4774	6,50131	
58,3826	6,50131	
58,2875	6,50131	
58,1939	6,50131	
58,0993	6,47696	
58,0049	6,45261	
57,9097	6,45261	
57,8153	6,42826	
57,7208	6,42826	
57,6267	6,42826	
57,5313	6,40391	
57,4534	6,42826	
57,3757	6,40391	
57,28	6,35522	
57,1859	6,35522	
57,1078	6,35522	
57,0136	6,33087	
56,9183	6,35522	
56,8074	6,35522	
56,7124	6,35522	
56,6186	6,33087	
56,524	6,33087	
56,4296	6,28217	
56,3356	6,28217	
56,241	6,30652	
56,1461	6,25782	
56,0508	6,20912	
55,9566	6,20912	
55,8614	6,20912	
55,7842	6,20912	
55,6883	6,16042	
55,5935	6,18477	
55,4995	6,18477	
55,4059	6,16042	
55,3097	6,11172	
55,2328	6,13607	
55,1379	6,13607	
55,0272	6,13607	
54,9324	6,08737	
54,839	6,06302	
54,744	6,06302	
54,6493	6,03867	
54,5544	5,98997	
54,4603	5,98997	
54,3816	5,98997	
54,2861	5,94127	
54,1924	5,96562	
54,0979	5,89258	
54,0026	5,89258	
53,9344	5,81953	
53,8454	5,84388	
53,7515	5,84388	
53,6567	5,84388	
53,5619	5,81953	
53,468	5,74648	
53,3739	5,67343	
53,264	5,69778	
53,1694	5,67343	
53,0733	5,62473	
52,9791	5,62473	
52,8848	5,57603	
52,7908	5,57603	
52,6956	5,52733	
52,6007	5,47863	
52,5059	5,47863	
52,3965	5,47863	
52,3006	5,45428	
52,2063	5,45428	
52,113	5,40559	
52,0336	5,38124	
51,9236	5,33254	
51,8284	5,28384	
51,7327	5,23514	
51,6389	5,23514	
51,5456	5,21079	
51,4667	5,18644	
51,3707	5,16209	
51,277	5,11339	
51,1821	5,06469	
51,0882	4,9673	
50,9935	4,89425	
50,909	4,8212	
50,8211	4,79685	
50,7433	4,65075	
50,6484	4,5777	
50,5549	4,45596	
50,4609	4,30986	
50,3817	4,13941	
50,2867	4,04201	
50,2091	3,96897	
50,1144	3,72547	
50,0194	3,50633	
49,9251	3,23848	
49,8313	2,72714	
49,7524	2,2158	
49,6418	1,63142	
49,5465	0,633087	
49,4531	0,121747	
49,3578	-0,170446	
49,2644	-0,194796	
49,1689	-0,194796	
49,0748	-0,170446	
48,9801	-0,170446	
48,8852	-0,170446	
48,7909	-0,170446	
48,6962	-0,170446	
48,6009	-0,194796	
48,5074	-0,170446	
48,5001	-0,170446	
48,5001	-0,146097	
48,5001	-0,146097	
48,5001	-0,146097	
48,5001	-0,146097	
48,5001	-0,146097	
48,5001	-0,146097	
48,5001	-0,146097	
48,5001	-0,146097	
48,5001	-0,146097	
48,5001	-0,146097	
48,5001	-0,146097	
48,5001	-0,121747	
48,5001	-0,146097	
48,5001	-0,146097	
48,5001	-0,146097	
48,5001	-0,146097	
48,5001	-0,146097	
48,5001	-0,146097	
48,5001	-0,121747	
48,5001	-0,146097	
48,5001	-0,146097	
48,5001	-0,146097	
48,5001	-0,146097	
48,5001	-0,121747	
48,5001	-0,146097	
48,5001	-0,146097	
48,5001	-0,146097	
48,5001	-0,146097	
48,5001	-0,146097	
48,5001	-0,121747	
48,5001	-0,146097	
48,5001	-0,146097	
48,5001	-0,146097	
48,5001	-0,146097	
48,5001	-0,146097	
48,5001	-0,146097	
48,5001	-0,121747	
48,5001	-0,146097	
48,5001	-0,121747	
48,5001	-0,146097	
48,5001	-0,121747	
48,5001	-0,121747	
48,5001	-0,146097	
48,5001	-0,146097	
48,5001	-0,146097	
48,5001	-0,121747	
48,5001	-0,121747	
