Displacement - Plot 0	Force - Plot 0	
48,5001	-0,706135	
48,5001	-0,681786	
48,5001	-0,681786	
48,5001	-0,657436	
48,5001	-0,681786	
48,5001	-0,657436	
48,5001	-0,657436	
48,5001	-0,657436	
48,5001	-0,657436	
48,5001	-0,633087	
48,5001	-0,657436	
48,5001	-0,657436	
48,5001	-0,657436	
48,5001	-0,633087	
48,5001	-0,633087	
48,5001	-0,657436	
48,5001	-0,633087	
48,5001	-0,657436	
48,5001	-0,657436	
48,5001	-0,657436	
48,5001	-0,657436	
48,5001	-0,633087	
48,5001	-0,657436	
48,5001	-0,657436	
48,5001	-0,657436	
48,5001	-0,657436	
48,5001	-0,657436	
48,5001	-0,657436	
48,5001	-0,657436	
48,5001	-0,657436	
48,5001	-0,657436	
48,5001	-0,657436	
48,5001	-0,657436	
48,5001	-0,633087	
48,5001	-0,633087	
48,5001	-0,633087	
48,5001	-0,633087	
48,5001	-0,633087	
48,5001	-0,633087	
48,5001	-0,633087	
48,5816	-0,608737	
48,7201	0,438291	
48,8482	0,511339	
48,9737	0,657436	
49,101	1,02268	
49,2278	1,16878	
49,3702	1,55837	
49,4964	2,4106	
49,624	3,53068	
49,7514	1,38792	
49,8454	3,53068	
49,9403	4,79685	
50,0822	5,96562	
50,2086	6,08737	
50,335	5,74648	
50,4299	6,33087	
50,5565	6,79351	
50,6994	8,37622	
50,8271	9,95894	
50,9682	11,2738	
51,0955	12,8809	
51,2221	15,4132	
51,3495	17,3368	
51,4763	18,6517	
51,6188	19,1387	
51,7452	18,7491	
51,8242	18,8709	
51,9343	18,4326	
52,029	18,3352	
52,1236	18,3595	
52,2084	18,2621	
52,2829	18,043	
52,3722	18,2134	
52,4642	17,9699	
52,5751	17,9212	
52,654	17,9212	
52,748	17,9212	
52,8444	17,8969	
52,9376	17,8969	
53,0325	17,7508	
53,143	17,7021	
53,2371	17,7508	
53,3312	17,629	
53,4254	17,629	
53,5047	17,556	
53,5989	17,7021	
53,6934	17,7508	
53,7775	17,6047	
53,8658	17,5316	
53,9609	17,4342	
54,056	17,3612	
54,1653	17,3612	
54,2613	17,4099	
54,3713	17,3612	
54,4659	17,2881	
54,5453	17,2638	
54,6542	17,1907	
54,7491	17,0933	
54,8436	17,0446	
54,9228	16,9472	
55,0167	16,9229	
55,1101	16,8742	
55,2068	16,8255	
55,3017	16,8255	
55,3789	16,8011	
55,4737	16,7037	
55,5679	16,6794	
55,6627	16,6794	
55,7566	16,655	
55,8524	16,6063	
55,9466	16,6063	
56,0401	16,582	
56,1248	16,6063	
56,2136	16,6063	
56,3078	16,6307	
56,403	16,655	
56,4977	16,582	
56,5911	16,509	
56,6865	16,5333	
56,7801	16,4603	
56,8752	16,3872	
56,9685	16,4116	
57,0643	16,3872	
57,1584	16,4359	
57,2535	16,4116	
57,3483	16,4359	
57,4437	16,4603	
57,5378	16,4603	
57,6472	16,4359	
57,7426	16,3385	
57,8369	16,3872	
57,9317	16,3872	
58,0267	16,4359	
58,1365	16,3629	
58,2303	16,2898	
58,3246	16,3385	
58,4081	16,2898	
58,4816	16,1924	
58,5654	16,2411	
58,654	16,1681	
58,7474	16,1437	
58,8266	16,1437	
58,9215	16,1924	
58,9991	16,1924	
59,0939	16,2898	
59,1881	16,2898	
59,2841	16,1437	
59,378	16,095	
59,4887	16,1681	
59,5835	16,1924	
59,6933	16,1681	
59,7879	16,095	
59,8835	16,095	
59,979	16,0463	
60,0726	15,9976	
60,1825	15,9733	
60,2771	15,9489	
60,3722	15,9246	
60,47	15,9002	
60,5636	15,8759	
60,655	15,8515	
60,7454	15,8272	
60,8303	15,8028	
60,925	15,7785	
61,0175	15,8028	
61,1113	15,8028	
61,2063	15,7785	
61,3025	15,8028	
61,3801	15,8028	
61,4766	15,8028	
61,5708	15,8272	
61,6787	15,8028	
61,7747	15,7541	
61,8423	15,8028	
61,9294	15,7785	
62,0258	15,8515	
62,1185	15,8272	
62,2167	15,8272	
62,309	15,8028	
62,3853	15,8272	
62,4808	15,8028	
62,5748	15,8028	
62,669	15,8028	
62,7479	15,8515	
62,8432	15,8272	
62,9206	15,8028	
63,0158	15,8272	
63,1258	15,7785	
63,2196	15,7785	
63,3148	15,7785	
63,4089	15,8028	
63,5031	15,8028	
63,5973	15,8028	
63,6767	15,8028	
63,771	15,8272	
63,8652	15,8272	
63,9606	15,8759	
64,0543	15,8272	
64,1483	15,8028	
64,2441	15,7541	
64,3225	15,7785	
64,4172	15,8028	
64,5142	15,8028	
64,5907	15,8028	
64,6853	15,7785	
64,7637	15,7541	
64,8602	15,7785	
64,9356	15,7298	
65,0311	15,7541	
65,125	15,7541	
65,2352	15,7298	
65,3197	15,7541	
65,4055	15,6811	
65,5178	15,6811	
65,5958	15,7054	
65,6794	15,6811	
65,7531	15,6567	
65,8316	15,7054	
65,9144	15,7054	
66,0163	15,7054	
66,1268	15,7541	
66,2211	15,7054	
66,3164	15,7298	
66,3941	15,7054	
66,4903	15,7298	
66,5663	15,7298	
66,6461	15,7298	
66,7398	15,7541	
66,8338	15,7054	
66,9301	15,6811	
67,024	15,6567	
67,1334	15,6567	
67,2278	15,608	
67,3233	15,5837	
67,4182	15,5593	
67,4962	15,5593	
67,5641	15,5593	
67,6349	15,5106	
67,7309	15,535	
67,8069	15,4863	
67,9218	15,4619	
68,0139	15,5106	
68,1233	15,4863	
68,2188	15,4863	
68,2967	15,4376	
68,4087	15,4376	
68,4858	15,4376	
68,5791	15,3889	
68,6742	15,4376	
68,7697	15,4619	
68,864	15,4132	
68,9601	15,4132	
69,0362	15,6324	
69,131	15,7541	
69,209	15,9489	
69,3043	15,535	
69,3991	15,535	
69,4922	15,4863	
69,5863	15,5106	
69,682	15,608	
69,7606	15,5837	
69,8547	15,5593	
69,9484	15,5593	
70,0005	15,4863	
69,9999	15,3889	
69,9999	15,3158	
69,9999	15,2915	
69,9999	15,2671	
69,9999	15,2428	
69,9999	15,2671	
69,9999	15,2428	
69,9999	15,2428	
69,9999	15,2428	
69,9999	15,2428	
69,9999	15,2184	
69,9999	15,2184	
69,9999	15,2184	
69,9222	15,2184	
69,8385	14,074	
69,736	13,5383	
69,6415	13,2948	
69,5467	13,2948	
69,4517	13,2705	
69,356	13,3679	
69,2642	13,3679	
69,1673	13,3679	
69,0849	13,3435	
68,9957	13,2948	
68,903	13,2705	
68,808	13,3192	
68,7397	13,3435	
68,6508	13,2948	
68,5562	13,2218	
68,4455	13,2218	
68,3519	13,2705	
68,2562	13,2218	
68,1726	13,2218	
68,0833	13,1487	
68,0071	13,1487	
67,9123	13,1487	
67,801	13,1487	
67,7073	13,1487	
67,6127	13,1487	
67,5173	13,0757	
67,4233	13,0757	
67,3289	13,0757	
67,2446	13,0513	
67,1726	13,0513	
67,0791	13,0026	
66,9833	12,9783	
66,8885	12,9783	
66,7951	12,9539	
66,6996	12,9296	
66,6052	12,8809	
66,5105	12,9052	
66,4149	12,9296	
66,3217	12,9052	
66,2283	12,9052	
66,1322	12,9296	
66,0385	12,9539	
65,9436	12,9539	
65,848	12,9296	
65,753	12,9052	
65,6594	12,9052	
65,5646	12,8565	
65,4863	12,9052	
65,3917	12,9052	
65,2959	12,8565	
65,2032	12,8565	
65,1089	12,8809	
65,0129	12,8565	
64,9344	12,8322	
64,8405	12,7835	
64,7453	12,7591	
64,6352	12,7104	
64,5404	12,7591	
64,4292	12,7591	
64,3514	12,7348	
64,2557	12,7348	
64,1631	12,7348	
64,0678	12,7104	
63,9731	12,6617	
63,8792	12,6617	
63,7842	12,6861	
63,6899	12,6861	
63,595	12,6861	
63,4999	12,6617	
63,4063	12,6617	
63,3125	12,6617	
63,2173	12,6374	
63,123	12,5643	
63,0272	12,54	
62,9337	12,54	
62,8542	12,4913	
62,7605	12,5156	
62,6498	12,5156	
62,5551	12,5643	
62,4608	12,5887	
62,3677	12,54	
62,2718	12,4913	
62,1764	12,4426	
62,0825	12,4426	
61,9879	12,4182	
61,8936	12,3939	
61,7984	12,3452	
61,7033	12,3208	
61,6092	12,3208	
61,5141	12,3695	
61,4041	12,3695	
61,3094	12,3939	
61,2154	12,3695	
61,12	12,3208	
61,0262	12,2478	
60,9321	12,2478	
60,8372	12,2478	
60,7433	12,1504	
60,6472	12,1747	
60,5539	12,1747	
60,459	12,1991	
60,3631	12,1747	
60,2862	12,126	
60,1916	12,1017	
60,0942	12,1017	
60,0017	12,0773	
59,9079	12,0773	
59,8122	12,0773	
59,7183	12,053	
59,6243	12,0043	
59,5298	11,9799	
59,4342	12,0043	
59,3401	12,0043	
59,2456	11,9799	
59,1514	11,9312	
59,0567	11,9556	
58,9623	11,9312	
58,885	11,9069	
58,7985	11,8825	
58,7109	11,8582	
58,6333	11,8582	
58,5393	11,8095	
58,4447	11,7608	
58,3496	11,6878	
58,2547	11,6391	
58,16	11,7121	
58,0667	11,7121	
57,9722	11,6878	
57,8776	11,6634	
57,7829	11,6391	
57,6871	11,6147	
57,5931	11,5904	
57,4997	11,5417	
57,3888	11,5417	
57,305	11,5173	
57,2325	11,493	
57,1375	11,5173	
57,0431	11,4686	
56,9478	11,4443	
56,8543	11,5173	
56,7596	11,5173	
56,664	11,5173	
56,5697	11,493	
56,4745	11,493	
56,3803	11,4686	
56,2849	11,4199	
56,2083	11,4199	
56,1141	11,3712	
56,0342	11,2738	
55,9407	11,2982	
55,8451	11,3225	
55,7514	11,2738	
55,6565	11,2738	
55,5611	11,1764	
55,4677	11,1521	
55,3716	11,1764	
55,2788	11,1277	
55,1847	11,1277	
55,0899	11,1034	
55,0103	11,0547	
54,9008	11,0303	
54,8053	10,9816	
54,7267	11,0303	
54,6323	10,9329	
54,5372	10,9329	
54,4588	10,9086	
54,3811	10,8355	
54,2867	10,7381	
54,1913	10,7138	
54,097	10,6894	
54,0034	10,592	
53,9184	10,5433	
53,814	10,4946	
53,7196	10,3485	
53,6258	10,2998	
53,5315	10,2998	
53,4367	10,2998	
53,3425	10,2024	
53,2319	10,1294	
53,1212	10,032	
53,0426	10,0076	
52,9479	9,93459	
52,8534	9,86154	
52,7591	9,76414	
52,6648	9,71544	
52,5703	9,61805	
52,4751	9,4963	
52,3812	9,3989	
52,2863	9,22846	
52,1917	9,05801	
52,0962	8,81451	
52,0022	8,54667	
51,9082	8,40057	
51,8139	8,05968	
51,7175	7,69444	
51,6233	7,20745	
51,5269	6,72046	
51,4492	5,96562	
51,3826	5,28384	
51,3144	4,529	
51,2207	3,55502	
51,1222	2,53235	
51,0289	1,38792	
50,9515	0,316543	
50,8571	-0,243495	
50,7639	-0,194796	
50,6677	-0,0973979	
50,5736	-0,46264	
50,4798	-0,170446	
50,3659	-0,0973979	
50,2906	-0,316543	
50,1961	-0,706135	
50,1011	-0,852232	
50,0058	-0,803533	
49,9118	-0,292194	
49,8185	-0,365242	
49,7336	-0,389592	
49,6467	-0,316543	
49,5496	-0,46264	
49,4566	-0,973979	
49,3598	-1,07138	
49,2361	-1,14443	
49,1407	-1,29052	
49,0626	-1,65577	
48,9674	-1,65577	
48,8715	-2,06971	
48,7323	-2,24015	
48,6518	-2,87324	
48,5745	-3,31153	
48,4994	-3,45763	
48,5	-3,33588	
48,5	-3,28718	
48,5	-3,23848	
48,5	-3,21413	
48,5	-3,16543	
48,5	-3,16543	
48,5	-3,14108	
48,5	-3,11673	
48,5	-3,11673	
48,5	-3,09238	
48,5	-3,06804	
48,5	-3,06804	
48,5	-3,06804	
48,5	-3,06804	
48,5	-3,01934	
48,5	-3,01934	
48,5	-3,01934	
48,5	-3,01934	
48,5	-2,70279	
48,5	-2,5567	
48,5	-2,67844	
48,5	-2,82454	
48,5	-2,84889	
48,5	-2,82454	
48,5	-2,82454	
48,5	-2,82454	
48,5	-2,82454	
48,5	-1,46097	
48,5	-1,60707	
48,5	-1,33922	
48,5	-1,41227	
48,5	-1,87491	
48,5	-1,77751	
48,5	-1,87491	
48,5	-1,75316	
48,5	-1,75316	
48,5	-1,70446	
48,5	-1,70446	
48,5	-1,82621	
48,5	-1,75316	
48,5	-1,58272	
48,5	-1,33922	
48,5	-1,24182	
48,5	-1,26617	
48,5	-1,48532	
48,5	-1,92361	
48,5	-1,82621	
48,5	-1,53402	
48,5	-1,36357	
48,5	-1,38792	
48,5	-2,19145	
48,5	-2,11841	
48,5	-2,11841	
48,5	-2,11841	
48,5	-1,36357	
48,5	-1,82621	
48,5	-1,53402	
48,5	-2,02101	
48,5	-2,06971	
48,5	-2,09406	
48,5	-2,06971	
48,5	-2,04536	
48,5	-1,70446	
48,5	-1,75316	
48,5	-1,92361	
48,5	-1,75316	
48,5	-1,41227	
48,5	-1,82621	
48,5	-1,89926	
48,5	-1,94796	
48,5	-2,02101	
48,5	-2,02101	
48,5	-1,92361	
48,5	-2,04536	
48,5	-2,02101	
48,5	-2,02101	
48,5	-1,82621	
48,5	-1,75316	
48,5	-1,85056	
48,5	-1,82621	
48,5	-1,89926	
48,5	-1,97231	
48,5	-1,99666	
48,5	-1,85056	
48,5	-1,97231	
48,5	-1,80186	
48,5	-2,04536	
48,5	-2,11841	
48,5	-2,14275	
48,5	-2,02101	
48,5	-1,97231	
48,5	-1,97231	
48,5	-1,82621	
48,5	-1,80186	
48,5	-1,31487	
48,5	-1,26617	
48,5	-1,70446	
48,5	-1,04703	
