Displacement - Plot 0	Force - Plot 0	
-0,000132	-0,0730485	
-0,000132	-0,0973979	
-0,000132	-0,0730485	
-0,000132	-0,0730485	
-0,000132	-0,0730485	
-0,000132	-0,0730485	
-0,000132	-0,0973979	
-0,000132	-0,0730485	
-0,000132	-0,0730485	
-0,000132	-0,0730485	
-0,000132	-0,0730485	
-0,000132	-0,0730485	
-0,000132	-0,0730485	
-0,000132	-0,0730485	
-0,000132	-0,0730485	
-0,000132	-0,0730485	
-0,000132	-0,0730485	
-0,000132	-0,0730485	
-0,000132	-0,0730485	
-0,000132	-0,0730485	
-0,000132	-0,0730485	
-0,000132	-0,0730485	
-0,000132	-0,0730485	
-0,000132	-0,0730485	
-0,000132	-0,0730485	
-0,000132	-0,0730485	
-0,000132	-0,0730485	
-0,000132	-0,0730485	
-0,000132	-0,0730485	
-0,000132	-0,0730485	
-0,000132	-0,0730485	
-0,000132	-0,0730485	
-0,000132	-0,0730485	
-0,000132	-0,0730485	
-0,000132	-0,0730485	
-0,000132	-0,0730485	
-0,000132	-0,0730485	
-0,000132	-0,0730485	
-0,000132	-0,0730485	
-0,000132	-0,0730485	
-0,000132	-0,0730485	
-0,000132	-0,0730485	
-0,000132	-0,0730485	
-0,000132	-0,0730485	
-0,000132	-0,0730485	
-0,000132	-0,0730485	
-0,000132	-0,0730485	
-0,000132	-0,0730485	
-0,000132	-0,0730485	
-0,000132	-0,0730485	
-0,000132	-0,0730485	
-0,000132	-0,0730485	
-0,000132	-0,048699	
-0,000132	-0,0730485	
-0,000132	-0,0730485	
-0,000132	-0,0730485	
-0,000132	-0,0730485	
-0,000132	-0,0730485	
-0,000132	-0,0730485	
-0,000132	-0,0730485	
-0,000132	-0,0730485	
-0,000132	-0,0730485	
-0,000132	-0,0730485	
-0,000132	-0,0730485	
-0,000132	-0,0730485	
-0,000132	-0,0730485	
-0,000132	0	
-0,000132	0,0243495	
-0,000132	0	
-0,000132	0,0243495	
-0,000132	0,0243495	
-0,000132	0	
-0,000132	0	
-0,000132	0	
-0,000132	0,0243495	
-0,000132	0	
-0,000132	0	
-0,000132	0,0243495	
-0,000132	0,0243495	
-0,000132	0,0243495	
0,078854	0,0730485	
0,221359	1,36357	
0,363979	3,82287	
0,490835	5,98997	
0,61863	7,64574	
0,76036	9,08236	
0,877563	10,3972	
0,995902	11,2982	
1,12093	12,1504	
1,23817	12,9783	
1,35799	13,6601	
1,48484	14,3175	
1,62704	14,8775	
1,75458	15,3158	
1,88096	15,8272	
2,02333	16,1924	
2,15082	16,582	
2,29225	16,9229	
2,38795	17,2638	
2,53077	17,4829	
2,62541	17,7508	
2,74139	17,9943	
2,80213	18,1404	
2,9207	18,2621	
3,01513	18,4082	
3,12493	18,5543	
3,26743	18,6761	
3,36299	18,9196	
3,44726	19,0656	
3,56759	19,163	
3,66114	19,3578	
3,76169	19,4309	
3,84845	19,5283	
3,94296	19,65	
4,03835	19,7474	
4,14763	19,8448	
4,24225	19,9666	
4,33682	20,0883	
4,46366	20,1614	
4,55882	20,3075	
4,6526	20,3805	
4,74712	20,3805	
4,84262	20,4779	
4,93642	20,551	
5,03143	20,624	
5,14149	20,6727	
5,23559	20,7701	
5,33054	20,8919	
5,4251	20,9406	
5,51943	21,0623	
5,66163	21,0867	
5,75722	21,1354	
5,85235	21,2328	
5,9469	21,3058	
6,04182	21,3545	
6,13471	21,4519	
6,22964	21,5006	
6,30762	21,5493	
6,40204	21,5736	
6,49755	21,6467	
6,59126	21,6954	
6,68634	21,7928	
6,78107	21,7441	
6,87433	21,8415	
6,97107	21,8171	
7,0648	21,8902	
7,15789	21,8902	
7,25219	21,9389	
7,34747	21,9876	
7,45808	22,0606	
7,60011	22,085	
7,69542	22,1337	
7,78945	22,2067	
7,88443	22,2554	
7,97877	22,2798	
8,07327	22,2798	
8,1835	22,3528	
8,27843	22,4259	
8,37221	22,4746	
8,4685	22,4989	
8,54791	22,5476	
8,64011	22,572	
8,71807	22,572	
8,8145	22,6207	
8,90787	22,6207	
9,01834	22,6694	
9,12844	22,7424	
9,22367	22,7424	
9,31839	22,7668	
9,41241	22,8642	
9,50631	22,8398	
9,60081	23,0103	
9,72836	23,0833	
9,82263	23,0833	
9,91769	22,9129	
10,0119	23,0103	
10,1223	22,9859	
10,2165	23,1077	
10,3108	23,1807	
10,4063	23,2538	
10,5005	23,2538	
10,5948	23,3025	
10,6886	23,2051	
10,7845	23,1807	
10,8786	23,2294	
10,9737	23,3025	
11,0685	23,3755	
11,1609	23,4242	
11,2566	23,3512	
11,351	23,4973	
11,445	23,546	
11,5428	23,619	
11,6514	23,6434	
11,7445	23,5216	
11,8391	23,5703	
11,9337	23,6677	
12,0287	23,6677	
12,124	23,6434	
12,2172	23,5947	
12,312	23,5703	
12,4068	23,6434	
12,5014	23,7164	
12,5955	23,7894	
12,6741	23,692	
12,7845	23,7164	
12,8628	23,7651	
12,9578	23,7894	
13,0526	23,7894	
13,1625	23,7894	
13,2566	23,8138	
13,3521	23,8625	
13,4463	23,8381	
13,5407	23,8625	
13,6357	23,8868	
13,7294	23,9599	
13,8246	23,9355	
13,9192	23,9112	
13,9977	23,9599	
14,091	24,0086	
14,2174	24,0329	
14,3123	24,0573	
14,4072	24,1547	
14,5011	24,0816	
14,595	24,0816	
14,6911	24,179	
14,7695	24,2034	
14,8635	24,2277	
14,9323	24,2764	
15,019	24,2034	
15,1129	24,2521	
15,2071	24,2034	
15,3035	24,2277	
15,3968	24,2034	
15,4906	24,2521	
15,5855	24,2521	
15,6804	24,2764	
15,7756	24,2764	
15,8691	24,3251	
15,9471	24,3495	
16,043	24,3495	
16,1524	24,3251	
16,2475	24,4225	
16,3422	24,4469	
16,4361	24,4469	
16,5313	24,4469	
16,6243	24,4712	
16,693	24,4712	
16,7811	24,3982	
16,8762	24,4712	
16,972	24,5199	
17,049	24,5686	
17,1587	24,593	
17,2436	24,5443	
17,332	24,593	
17,4276	24,593	
17,5216	24,6173	
17,6319	24,6417	
17,7257	24,6417	
17,81	24,7147	
17,8987	24,7147	
17,9952	24,7878	
18,0881	24,7147	
18,188	24,8365	
18,2764	24,7878	
18,386	24,8608	
18,4655	24,7634	
18,5594	24,7634	
18,6551	24,8365	
18,733	24,8608	
18,8265	24,8121	
18,922	24,8608	
19,0152	24,8608	
19,1265	24,8608	
19,2214	24,8608	
19,3151	24,8852	
19,4106	24,9095	
19,5209	24,9339	
19,615	24,9582	
19,712	24,9339	
19,8045	24,9826	
19,9008	25,0313	
20,0244	25,0069	
20,12	25,1043	
20,2143	25,08	
20,3082	25,08	
20,4035	25,1043	
20,4977	25,1043	
20,5923	25,2017	
20,6865	25,1287	
20,7649	25,2504	
20,8595	25,2261	
20,9539	25,1774	
21,05	25,2261	
21,1428	25,153	
21,2385	25,2991	
21,3485	25,153	
21,4425	25,2261	
21,5373	25,3235	
21,6322	25,2991	
21,7266	25,2748	
21,8218	25,3235	
21,9321	25,2504	
22,026	25,2748	
22,1205	25,2991	
22,2151	25,3235	
22,3098	25,3965	
22,4043	25,3722	
22,4987	25,4452	
22,5935	25,4696	
22,6885	25,3478	
22,7822	25,2991	
22,8768	25,2748	
22,9719	25,3235	
23,0498	25,3722	
23,1436	25,3965	
23,2388	25,3965	
23,3485	25,4452	
23,459	25,3965	
23,5538	25,4452	
23,6474	25,4452	
23,7425	25,4452	
23,8367	25,4696	
23,9319	25,5913	
24,0268	25,6644	
24,1225	25,5183	
24,2161	25,4452	
24,3098	25,4696	
24,4044	25,4939	
24,499	25,567	
24,6095	25,4209	
24,7044	25,4939	
24,7828	25,5183	
24,8769	25,4939	
24,9715	25,567	
25,0669	25,567	
25,1615	25,6887	
25,2549	25,5183	
25,339	25,5426	
25,4252	25,5426	
25,5218	25,5426	
25,605	25,5183	
25,6937	25,4452	
25,8033	25,4452	
25,8976	25,4452	
25,9935	25,4696	
26,0877	25,4696	
26,197	25,4452	
26,2925	25,4209	
26,3705	25,4209	
26,4647	25,4696	
26,5596	25,4696	
26,6551	25,5183	
26,7493	25,567	
26,8431	25,4209	
26,9377	25,4209	
27,0482	25,4452	
27,1325	25,4696	
27,2197	25,5183	
27,3146	25,567	
27,425	25,5183	
27,5038	25,4452	
27,5986	25,3478	
27,6931	25,3965	
27,8019	25,4209	
27,8868	25,4696	
27,9757	25,4696	
28,07	25,5426	
28,1651	25,3722	
28,2582	25,4939	
28,3535	25,5183	
28,448	25,5183	
28,5585	25,5913	
28,6528	25,64	
28,7316	25,64	
28,8254	25,4939	
28,9053	25,2504	
28,9987	25,3235	
29,0946	25,5183	
29,1781	25,4939	
29,2655	25,6157	
29,3598	25,5913	
29,455	25,6157	
29,5647	25,4939	
29,6756	25,2748	
29,7706	25,5426	
29,8658	25,5183	
29,9602	25,567	
30,0001	25,6157	
30,0001	25,567	
30,0001	25,5426	
30,0001	25,5426	
30,0001	25,5426	
30,0001	25,5183	
30,0001	25,5183	
30,0001	25,4939	
30,0001	25,4939	
30,0001	25,4696	
30,0001	25,4696	
30,0001	25,4696	
30,0001	25,4696	
30,0001	25,4696	
30,0001	25,4452	
30,0001	25,4452	
30,0001	25,4452	
30,0001	25,4452	
30,0001	25,4452	
30,0001	25,4209	
30,0001	25,4452	
30,0001	25,4209	
30,0001	25,4209	
30,0001	25,4209	
30,0001	25,4209	
30,0001	25,4209	
30,0001	25,4209	
30,0001	25,4209	
30,0001	25,3965	
30,0001	25,3965	
30,0001	25,3965	
30,0001	25,3965	
30,0001	25,3965	
30,0001	25,3965	
29,9052	25,3235	
29,811	24,8121	
29,7314	24,8121	
29,6368	24,7878	
29,5426	24,6904	
29,4474	24,593	
29,3547	24,6173	
29,2753	24,5443	
29,181	24,4712	
29,0962	24,4712	
29,0089	24,3982	
28,9121	24,3738	
28,8345	24,3495	
28,7404	24,5199	
28,6452	24,5686	
28,5613	24,5443	
28,4737	24,593	
28,3777	24,4225	
28,3003	24,3495	
28,2068	24,2764	
28,112	24,2764	
28,027	24,179	
27,9233	24,2277	
27,8387	24,2521	
27,752	24,4956	
27,658	24,2764	
27,5627	24,2764	
27,4685	24,2521	
27,3735	24,1547	
27,2797	24,106	
27,1838	24,179	
27,0893	24,2034	
26,9934	24,106	
26,9004	24,2764	
26,8064	24,2764	
26,7213	24,0816	
26,6312	24,179	
26,5376	24,1547	
26,4438	24,0816	
26,3492	24,1547	
26,2707	24,0573	
26,1607	24,0329	
26,0644	24,0816	
25,9865	24,106	
25,8923	24,0573	
25,7988	24,0816	
25,7177	24,0816	
25,6235	24,0573	
25,5298	24,0329	
25,4332	24,0329	
25,357	24,0086	
25,2622	24,0086	
25,1673	23,8868	
25,0898	23,8138	
24,9945	23,8381	
24,9002	23,7651	
24,8052	23,7407	
24,7106	23,692	
24,6158	23,8868	
24,5213	23,7651	
24,4271	23,8381	
24,3485	23,7894	
24,254	23,7407	
24,159	23,7164	
24,0643	23,7651	
23,9687	23,7407	
23,8746	23,7164	
23,764	23,7164	
23,6699	23,5947	
23,5749	23,4973	
23,4796	23,692	
23,3851	23,5216	
23,2912	23,4973	
23,197	23,4729	
23,1184	23,4242	
23,0234	23,3755	
22,929	23,7651	
22,8341	23,692	
22,7393	23,692	
22,6448	23,6677	
22,5609	23,5703	
22,4883	23,5216	
22,394	23,4486	
22,2988	23,5703	
22,2042	23,4242	
22,1098	23,4242	
22,0141	23,3755	
21,9196	23,3755	
21,8245	23,3512	
21,73	23,3268	
21,6356	23,3512	
21,5406	23,3025	
21,4462	23,2781	
21,3623	23,2538	
21,2582	23,2051	
21,1627	23,2294	
21,0679	23,2051	
20,9734	23,2051	
20,878	23,2294	
20,8002	23,2294	
20,7066	23,1077	
20,612	23,0346	
20,5161	23,0833	
20,4225	23,059	
20,3283	23,0346	
20,234	23,0346	
20,1545	23,0346	
20,0606	23,0103	
19,976	23,0103	
19,8878	22,9859	
19,7927	22,9372	
19,6971	22,8885	
19,6031	22,9372	
19,4931	22,9616	
19,3977	22,9129	
19,3037	22,8885	
19,2085	22,8398	
19,1083	22,8398	
19,0202	22,8155	
18,9253	22,8155	
18,8149	22,7424	
18,7205	22,7181	
18,6416	22,7181	
18,5462	22,6937	
18,4363	22,6937	
18,3424	22,6937	
18,2477	22,6207	
18,1529	22,645	
18,0572	22,572	
17,9635	22,5963	
17,8681	22,572	
17,7723	22,5233	
17,6792	22,5233	
17,5836	22,4989	
17,4898	22,4502	
17,3955	22,4015	
17,3117	22,4015	
17,2391	22,4746	
17,1452	22,3528	
17,0502	22,3285	
16,9546	22,3041	
16,861	22,3041	
16,7663	22,3041	
16,6718	22,2554	
16,5933	22,2311	
16,5239	22,2798	
16,4381	22,3041	
16,3416	22,2311	
16,2645	22,2311	
16,1699	22,2798	
16,0754	22,1824	
15,9795	22,1824	
15,8863	22,1093	
15,7909	22,0606	
15,697	22,0119	
15,6022	21,9876	
15,5074	21,9632	
15,3972	21,9145	
15,3163	21,9389	
15,2231	21,8902	
15,1449	21,8658	
15,0499	21,8171	
14,9557	21,8415	
14,8595	21,8171	
14,7823	21,8171	
14,6869	21,7197	
14,5924	21,7441	
14,4805	21,6223	
14,388	21,6954	
14,303	21,7197	
14,2003	21,5736	
14,1049	21,6467	
14,0104	21,5736	
13,9163	21,5006	
13,8057	21,5006	
13,7107	21,5249	
13,626	21,4762	
13,5389	21,4032	
13,4451	21,4032	
13,3501	21,3788	
13,2551	21,3788	
13,1611	21,3545	
13,0764	21,3301	
12,9722	21,2815	
12,8765	21,2328	
12,7824	21,2571	
12,6886	21,2084	
12,609	21,1597	
12,5252	21,1597	
12,4208	21,2571	
12,3367	21,111	
12,2486	21,038	
12,154	21,0867	
12,0587	20,9893	
11,9653	20,9893	
11,8702	20,9649	
11,7752	20,8919	
11,6807	20,7945	
11,5864	20,7945	
11,5082	20,7945	
11,4136	20,6484	
11,3175	20,6727	
11,2243	20,5997	
11,129	20,5753	
11,0341	20,5266	
10,9404	20,5266	
10,8455	20,4779	
10,7346	20,4536	
10,625	20,4292	
10,5458	20,4292	
10,451	20,4049	
10,357	20,3805	
10,2617	20,3562	
10,1672	20,3318	
10,0722	20,2588	
9,97724	20,2344	
9,8832	20,1614	
9,78771	20,137	
9,69421	20,0883	
9,5932	20,0883	
9,50453	20,0883	
9,41123	20,0153	
9,31773	19,9422	
9,20596	19,9179	
9,11118	19,8692	
9,0432	19,7718	
8,95492	19,6987	
8,84399	19,7231	
8,74899	19,6257	
8,65347	19,65	
8,55952	19,6013	
8,46579	19,5526	
8,37116	19,5039	
8,27656	19,4796	
8,18164	19,3822	
8,08645	19,3091	
7,99201	19,2848	
7,89823	19,2117	
7,80238	19,2117	
7,70852	19,1874	
7,61475	19,1387	
7,53564	19,0413	
7,45764	19,0656	
7,37931	18,9439	
7,28418	18,8709	
7,18978	18,8465	
7,09577	18,7978	
7,00991	18,7491	
6,92243	18,6761	
6,82759	18,7004	
6,73352	18,6517	
6,63896	18,53	
6,54415	18,4569	
6,43294	18,4082	
6,33944	18,3839	
6,24449	18,2865	
6,14937	18,2621	
6,0647	18,0917	
5,97681	17,9699	
5,88149	17,9456	
5,79738	17,8725	
5,70979	17,8238	
5,63041	17,7264	
5,53642	17,629	
5,44147	17,556	
5,34741	17,4586	
5,25136	17,4099	
5,17402	17,3612	
5,07873	17,2151	
4,98442	17,0933	
4,89008	16,9959	
4,79502	16,9472	
4,70058	16,8742	
4,60479	16,7524	
4,51027	16,655	
4,43236	16,5333	
4,33874	16,509	
4,23762	16,3629	
4,15026	16,2168	
4,05515	16,095	
3,9605	15,9246	
3,87721	15,8272	
3,78879	15,7054	
3,7099	15,5837	
3,61474	15,4619	
3,52027	15,3158	
3,42591	15,1454	
3,33148	15,0236	
3,21943	14,8775	
3,12629	14,6584	
3,03057	14,4879	
2,92056	14,2931	
2,82532	14,0497	
2,72508	13,9036	
2,6475	13,6601	
2,55957	13,4896	
2,46454	13,2948	
2,36888	13,027	
2,27497	12,6617	
2,19066	12,3695	
2,10329	12,0773	
2,01801	11,8825	
1,93127	11,566	
1,83683	11,2251	
1,74241	10,8599	
1,64583	10,3485	
1,55242	10,0563	
1,45789	9,61805	
1,36369	9,13106	
1,28483	8,61972	
1,18955	8,32752	
1,09436	7,79184	
1,00009	7,2318	
0,89056	6,57436	
0,779765	5,74648	
0,684718	4,8212	
0,591153	4,01767	
0,494591	3,06804	
0,400944	2,1671	
0,306457	1,09573	
0,222232	0,170446	
0,135356	-0,584388	
0,039254	-1,09573	
-0,000264	-1,24182	
-0,000148	-1,31487	
-0,000132	-1,29052	
-0,000132	-1,26617	
-0,000132	-1,26617	
-0,000132	-1,26617	
-0,000132	-1,26617	
-0,000132	-1,24182	
-0,000132	-1,24182	
-0,000132	-1,24182	
-0,000132	-1,24182	
-0,000132	-1,21747	
-0,000132	-1,21747	
-0,000132	-1,21747	
-0,000132	-1,21747	
-0,000132	-1,21747	
-0,000132	-1,21747	
-0,000132	-1,19312	
-0,000132	-1,19312	
-0,000132	-1,19312	
-0,000132	-1,19312	
-0,000132	-1,16878	
-0,000132	-1,16878	
-0,000132	-1,16878	
-0,000132	-1,16878	
-0,000132	-1,16878	
-0,000132	-1,16878	
-0,000132	-1,16878	
-0,000132	-1,16878	
-0,000132	-1,16878	
-0,000132	-1,16878	
-0,000132	-1,16878	
-0,000132	-1,16878	
-0,000132	-1,16878	
-0,000132	-1,16878	
-0,000132	-1,16878	
-0,000132	-1,14443	
-0,000132	-1,14443	
-0,000132	-1,14443	
-0,000132	-1,14443	
-0,000132	-1,14443	
-0,000132	-1,14443	
-0,000132	-1,14443	
-0,000132	-1,14443	
-0,000132	-1,14443	
-0,000132	-1,14443	
