Displacement - Plot 0	Force - Plot 0	
0,000148	0	
0,000148	0	
0,000148	-0,0243495	
0,000148	0	
0,000148	0	
0,000148	0	
0,000148	0	
0,000148	-0,0243495	
0,000148	0	
0,000148	0	
0,000148	0	
0,000148	0	
0,000148	0	
0,000148	-0,0243495	
0,000148	-0,0243495	
0,000148	-0,0243495	
0,000148	-0,0243495	
0,000148	-0,0243495	
0,000148	0	
0,000148	0	
0,000148	0	
0,000148	-0,0243495	
0,000148	0	
0,062036	0	
0,157396	1,89926	
0,299143	3,38458	
0,42534	5,28384	
0,552475	6,72046	
0,695721	8,03533	
0,838556	9,3015	
0,9805	10,105	
1,12446	11,006	
1,25617	11,8095	
1,37705	12,2721	
1,50357	12,8322	
1,62073	13,3435	
1,75448	13,7331	
1,88126	14,0984	
1,99815	14,3662	
2,08692	14,6827	
2,22909	14,8775	
2,32472	15,2428	
2,44986	15,3158	
2,54499	15,535	
2,68649	15,7298	
2,78205	15,8759	
2,89299	16,0707	
3,0193	16,2168	
3,11423	16,4116	
3,20851	16,6063	
3,35055	16,8742	
3,44711	16,9959	
3,53009	17,069	
3,63867	17,1177	
3,71283	17,1664	
3,80625	17,4342	
3,90306	17,556	
4,04429	17,6777	
4,12854	17,4099	
4,20073	17,6047	
4,29516	17,7508	
4,39057	17,556	
4,4843	17,7021	
4,59568	17,8238	
4,68915	17,9456	
4,78472	17,9456	
4,87835	18,0673	
5,00429	18,1647	
5,10016	18,2134	
5,19403	18,3108	
5,30751	18,4326	
5,39892	18,3352	
5,49408	18,4569	
5,58845	18,53	
5,72053	18,5787	
5,80818	18,6274	
5,90279	18,7735	
5,99729	18,7978	
6,09145	18,8465	
6,1856	18,8465	
6,28093	18,7491	
6,37519	18,8465	
6,46956	18,9196	
6,56591	19,0169	
6,6902	19,1387	
6,77541	19,2361	
6,86293	19,2117	
6,94646	19,3335	
7,03401	19,3091	
7,13407	19,3335	
7,22104	19,3335	
7,31744	19,4309	
7,39367	19,4552	
7,48953	19,3335	
7,58306	19,3335	
7,6941	19,4552	
7,78847	19,5283	
7,86596	19,4796	
7,94465	19,5526	
8,0395	19,6013	
8,13364	19,6257	
8,22823	19,6013	
8,32197	19,65	
8,41712	19,6744	
8,5103	19,7231	
8,60596	19,6987	
8,70145	19,8205	
8,7948	19,7961	
8,89199	19,8205	
8,98465	19,8935	
9,07914	19,9179	
9,17305	19,9666	
9,2681	19,8692	
9,36344	19,9422	
9,45681	20,064	
9,59951	20,064	
9,70016	20,137	
9,80271	20,137	
9,89803	20,3562	
9,99289	20,1614	
10,0697	20,1857	
10,1657	20,2588	
10,2609	20,2588	
10,3543	20,3075	
10,4485	20,2101	
10,5429	20,2101	
10,6378	20,3562	
10,7315	20,4049	
10,8158	20,4049	
10,8875	20,2831	
10,9827	20,4049	
11,0771	20,4292	
11,1714	20,4779	
11,2665	20,551	
11,3605	20,4779	
11,455	20,551	
11,5656	20,5266	
11,6606	20,5997	
11,7554	20,5997	
11,8491	20,7214	
11,9442	20,5753	
12,0219	20,6971	
12,1171	20,6971	
12,2106	20,7214	
12,3049	20,7458	
12,4013	20,7214	
12,4953	20,7458	
12,5745	20,624	
12,6677	20,7214	
12,7617	20,7458	
12,8562	20,7701	
12,9517	20,7701	
13,0455	20,8432	
13,1558	20,8919	
13,2508	20,8188	
13,3443	20,8675	
13,4562	20,7945	
13,55	20,8188	
13,661	20,8432	
13,7564	20,9162	
13,8334	20,9649	
13,9276	20,8919	
14,0065	20,9406	
14,1008	20,8919	
14,196	20,9649	
14,2905	20,9649	
14,384	21,038	
14,5105	21,0623	
14,6053	21,1597	
14,6994	21,2084	
14,795	21,1841	
14,8884	21,111	
14,9573	21,1354	
15,0441	20,9893	
15,1378	20,9893	
15,2323	21,0623	
15,3098	21,0867	
15,4053	21,1354	
15,4989	21,0623	
15,5938	21,1354	
15,6887	21,1354	
15,7834	21,1841	
15,8768	21,2328	
15,9553	21,2328	
16,035	21,2328	
16,1184	21,2084	
16,2061	21,1841	
16,3003	21,2571	
16,3944	21,2815	
16,4889	21,1597	
16,584	21,3058	
16,6785	21,3788	
16,7625	21,3058	
16,8504	21,2571	
16,9297	21,4032	
17,0243	21,4032	
17,1337	21,2815	
17,2286	21,2571	
17,3235	21,3058	
17,4172	21,4519	
17,5277	21,5493	
17,6231	21,5006	
17,7177	21,4762	
17,8129	21,4032	
17,9061	21,5736	
18,0015	21,5006	
18,113	21,5006	
18,2074	21,598	
18,3018	21,5493	
18,3795	21,598	
18,4901	21,6223	
18,5843	21,6223	
18,6788	21,7197	
18,7744	21,5006	
18,8683	21,4275	
18,9623	21,4762	
19,0459	21,5493	
19,1346	21,5249	
19,23	21,5736	
19,3237	21,598	
19,4185	21,5736	
19,5134	21,5736	
19,6099	21,598	
19,6758	21,6467	
19,7355	21,6223	
19,8232	21,6467	
19,9174	21,6223	
20,0005	21,671	
19,9998	21,5736	
19,9998	21,5249	
19,9998	21,5006	
19,9998	21,5006	
19,9998	21,5006	
19,9998	21,5006	
19,9998	21,4762	
19,9998	21,4762	
19,9998	21,4762	
19,9998	21,4762	
19,9998	21,4762	
19,9998	21,4519	
19,9998	21,4519	
19,9998	21,4519	
19,9998	21,4275	
19,9998	21,4275	
19,9998	21,4275	
19,9998	21,4275	
19,9998	21,4275	
19,9998	21,4275	
19,9998	21,4275	
19,9998	21,4275	
19,9998	21,4032	
19,9998	21,4032	
19,9998	21,3788	
19,9998	21,4032	
19,9998	21,3788	
19,9998	21,3788	
19,9998	21,3788	
19,9998	21,3788	
19,9998	21,3788	
19,9998	21,3788	
19,9998	21,3788	
19,9998	21,3545	
19,9998	21,3301	
19,9998	21,3058	
19,9998	21,3058	
19,9998	21,3058	
19,9998	21,3058	
19,9998	21,3058	
19,9203	21,2571	
19,8248	21,038	
19,731	21,0867	
19,636	21,038	
19,5519	20,9893	
19,4638	20,9893	
19,3692	20,8919	
19,2727	20,8919	
19,195	20,8675	
19,0998	20,8675	
19,0324	20,8432	
18,9457	20,8432	
18,8511	20,8432	
18,7732	20,8188	
18,6788	20,7458	
18,5842	20,7458	
18,4885	20,6971	
18,3952	20,6971	
18,2997	20,6971	
18,2054	20,6484	
18,1101	20,7214	
18,0165	20,6484	
17,9209	20,6971	
17,827	20,6484	
17,7316	20,5753	
17,6538	20,551	
17,5745	20,4292	
17,4805	20,4779	
17,3862	20,4536	
17,2911	20,4292	
17,1978	20,4292	
17,112	20,4292	
17,0245	20,4536	
16,9292	20,4779	
16,8345	20,4049	
16,7403	20,4779	
16,6464	20,4292	
16,5513	20,4536	
16,4568	20,4049	
16,3627	20,3075	
16,2835	20,3075	
16,1889	20,2588	
16,0948	20,2588	
15,9993	20,2101	
15,9043	20,2101	
15,827	20,1127	
15,7143	20,064	
15,6217	20,1857	
15,5266	20,1127	
15,431	20,064	
15,3362	20,064	
15,243	20,0883	
15,1483	20,064	
15,0542	19,9422	
14,9581	19,9666	
14,8646	19,8935	
14,7698	19,8205	
14,6747	19,8448	
14,591	19,8935	
14,5189	19,8692	
14,4242	19,8205	
14,3285	19,7718	
14,2349	19,8205	
14,1405	19,7231	
14,0452	19,8448	
13,9497	19,8205	
13,8553	19,7231	
13,7608	19,6744	
13,6606	19,65	
13,5727	19,6987	
13,4783	19,6257	
13,3837	19,6013	
13,2878	19,577	
13,2109	19,5283	
13,1155	19,4796	
13,0219	19,4309	
12,9528	19,4309	
12,8652	19,5039	
12,7705	19,4796	
12,6768	19,4309	
12,6067	19,3578	
12,5208	19,3335	
12,4201	19,3335	
12,3423	19,3578	
12,2806	19,3822	
12,2088	19,2117	
12,1127	19,163	
12,0175	19,09	
11,9228	19,0169	
11,8391	19,163	
11,7491	19,1387	
11,6555	19,2604	
11,5619	19,0169	
11,4674	18,9682	
11,3729	19,0413	
11,2776	18,8709	
11,1839	18,8709	
11,0888	18,8222	
10,9946	18,8465	
10,8999	18,8222	
10,8047	18,8222	
10,7093	18,7491	
10,6256	18,7491	
10,5361	18,7004	
10,4591	18,6761	
10,3642	18,6517	
10,2679	18,6517	
10,1758	18,7004	
10,0816	18,7735	
10,0025	18,6517	
9,90801	18,6274	
9,81331	18,5543	
9,71824	18,5543	
9,62371	18,53	
9,52887	18,5056	
9,43458	18,4326	
9,3396	18,3595	
9,24523	18,3352	
9,15116	18,2378	
9,05535	18,2621	
8,96034	18,2134	
8,86703	18,1404	
8,78867	18,1647	
8,70969	18,1404	
8,61497	18,0673	
8,52024	17,9699	
8,42677	17,9699	
8,34841	17,9456	
8,25261	17,8725	
8,15886	17,9212	
8,0633	17,8238	
7,96913	17,8238	
7,87477	17,8725	
7,78057	17,7751	
7,68557	17,6777	
7,5908	17,6777	
7,50668	17,6777	
7,41891	17,6047	
7,32368	17,4829	
7,22961	17,556	
7,1353	17,4099	
7,04077	17,3125	
6,94536	17,2638	
6,85092	17,1907	
6,75646	17,4099	
6,66073	17,1177	
6,56711	17,0203	
6,47208	17,0933	
6,39426	16,8742	
6,29923	16,8985	
6,2046	16,8011	
6,10963	16,7524	
6,01363	16,9472	
5,93649	16,8985	
5,84302	16,8255	
5,74804	16,7037	
5,66825	16,6063	
5,57429	16,5577	
5,47916	16,4603	
5,38497	16,3629	
5,29157	16,2898	
5,19616	16,1681	
5,11702	16,1194	
5,02318	16,0707	
4,92748	15,9733	
4,8334	15,8272	
4,73923	15,6811	
4,66103	15,7298	
4,5655	15,7785	
4,47159	15,6324	
4,37704	15,5593	
4,26669	15,2915	
4,171	15,2671	
4,07704	15,1941	
3,98114	15,1941	
3,88772	15,048	
3,79291	14,8532	
3,70802	14,6584	
3,62125	14,6584	
3,52656	14,4392	
3,44234	14,2931	
3,35383	14,3418	
3,25969	14,0497	
3,16474	14,001	
3,06989	13,7575	
2,97547	13,5627	
2,89729	13,2948	
2,80035	13,1731	
2,72344	12,9783	
2,64526	13,1731	
2,55135	13,2218	
2,47243	13,1244	
2,37634	12,8565	
2,26744	12,3452	
2,15535	12,1017	
2,06285	11,8582	
1,96645	11,6147	
1,87244	11,2008	
1,77685	11,0303	
1,68308	10,6651	
1,58701	10,4459	
1,47741	10,1537	
1,36715	9,6424	
1,25648	9,15541	
1,14366	8,57102	
1,05087	8,01098	
0,95622	7,45094	
0,861766	6,9396	
0,767855	6,30652	
0,672149	5,52733	
0,577942	4,6751	
0,499911	3,74982	
0,404732	2,89759	
0,310558	1,75316	
0,215824	0,48699	
0,120135	-0,900931	
0,010444	-2,3132	
6,6E-5	-3,70112	
8,2E-5	-3,65242	
8,2E-5	-3,57937	
8,2E-5	-3,57937	
8,2E-5	-3,55502	
8,2E-5	-3,53068	
8,2E-5	-3,53068	
8,2E-5	-3,50633	
8,2E-5	-3,50633	
8,2E-5	-3,48198	
8,2E-5	-3,48198	
8,2E-5	-3,45763	
8,2E-5	-3,45763	
8,2E-5	-3,45763	
8,2E-5	-3,45763	
8,2E-5	-3,43328	
8,2E-5	-3,43328	
8,2E-5	-3,43328	
8,2E-5	-3,43328	
8,2E-5	-3,40893	
8,2E-5	-3,40893	
8,2E-5	-3,40893	
8,2E-5	-3,40893	
8,2E-5	-3,40893	
8,2E-5	-3,38458	
8,2E-5	-3,38458	
8,2E-5	-3,38458	
8,2E-5	-3,40893	
8,2E-5	-3,36023	
8,2E-5	-3,36023	
8,2E-5	-3,38458	
8,2E-5	-3,36023	
8,2E-5	-3,36023	
8,2E-5	-3,36023	
8,2E-5	-3,36023	
8,2E-5	-3,36023	
