Displacement - Plot 0	Force - Plot 0	
-3,3E-5	-0,0730485	
-3,3E-5	-0,0730485	
-3,3E-5	-0,0730485	
-3,3E-5	-0,0730485	
-3,3E-5	-0,0730485	
-3,3E-5	-0,0730485	
-3,3E-5	-0,0730485	
-3,3E-5	-0,0730485	
-3,3E-5	-0,0730485	
-3,3E-5	0	
-3,3E-5	0	
-3,3E-5	0	
-3,3E-5	0	
-3,3E-5	0	
-3,3E-5	0	
-3,3E-5	0	
-3,3E-5	0	
-3,3E-5	0	
-3,3E-5	0	
-3,3E-5	0	
-3,3E-5	0	
-3,3E-5	0	
-3,3E-5	0	
-3,3E-5	0	
-3,3E-5	0	
0,063947	0,0243495	
0,206633	0,170446	
0,350488	0,48699	
0,491494	1,16878	
0,609158	3,04369	
0,717449	4,38291	
0,836941	5,47863	
0,963517	6,42826	
1,09029	7,20745	
1,21746	7,84053	
1,34418	8,32752	
1,4706	8,71712	
1,59793	9,03366	
1,7405	9,3015	
1,8681	9,56935	
1,98426	9,76414	
2,07244	9,93459	
2,18419	10,0807	
2,315	10,1781	
2,41818	10,3485	
2,53015	10,4459	
2,6237	10,5677	
2,75042	10,6407	
2,84504	10,7381	
2,95565	10,8112	
3,03996	10,8842	
3,14316	10,9573	
3,23821	11,006	
3,36312	11,0547	
3,44316	11,1034	
3,55267	11,1521	
3,64862	11,2008	
3,7423	11,2495	
3,81992	11,2982	
3,93152	11,3469	
4,0159	11,3712	
4,11867	11,3956	
4,21301	11,4686	
4,29657	11,5173	
4,44804	11,5173	
4,54256	11,566	
4,6267	11,6147	
4,71493	11,6391	
4,80927	11,6391	
4,90365	11,6878	
4,99827	11,7121	
5,09433	11,7365	
5,18761	11,7365	
5,26806	11,7852	
5,37726	11,8095	
5,47161	11,8339	
5,56521	11,8582	
5,65988	11,9069	
5,75531	11,9069	
5,8647	11,9312	
5,94921	11,9799	
6,02055	11,9799	
6,11558	11,9799	
6,21026	12,0286	
6,33658	12,0286	
6,43164	12,053	
6,5257	12,053	
6,62089	12,1017	
6,68855	12,126	
6,77694	12,126	
6,8734	12,126	
6,93939	12,1504	
7,01199	12,1747	
7,12262	12,1991	
7,21678	12,1991	
7,3113	12,2234	
7,38924	12,2234	
7,48454	12,2478	
7,57871	12,2721	
7,68959	12,2721	
7,7837	12,2965	
7,87818	12,2965	
7,97257	12,2965	
8,0674	12,2965	
8,16179	12,3452	
8,25618	12,3939	
8,35045	12,3939	
8,4459	12,4182	
8,5234	12,4182	
8,60777	12,4426	
8,68528	12,4426	
8,75937	12,4182	
8,85368	12,4182	
8,94765	12,4913	
9,03186	12,4913	
9,11755	12,54	
9,25989	12,4913	
9,35504	12,5156	
9,44995	12,5156	
9,54357	12,54	
9,63917	12,5643	
9,73327	12,54	
9,81843	12,5887	
9,87668	12,5643	
9,96365	12,54	
10,0449	12,54	
10,1371	12,5643	
10,2322	12,6374	
10,3256	12,6374	
10,4211	12,613	
10,5162	12,613	
10,6092	12,5887	
10,7045	12,613	
10,7989	12,613	
10,8929	12,613	
10,9881	12,6374	
11,0828	12,6861	
11,1935	12,6861	
11,287	12,7104	
11,3816	12,6861	
11,4762	12,6861	
11,5712	12,6861	
11,682	12,7591	
11,7768	12,7348	
11,8879	12,7591	
11,9654	12,7591	
12,0606	12,7591	
12,1708	12,7835	
12,2648	12,7835	
12,3601	12,7835	
12,4537	12,7835	
12,5486	12,7835	
12,6429	12,8078	
12,7376	12,8565	
12,8329	12,8322	
12,926	12,8078	
13,022	12,8078	
13,1317	12,8078	
13,2268	12,8322	
13,3201	12,8565	
13,4149	12,8565	
13,5257	12,9052	
13,6364	12,9296	
13,7215	12,9052	
13,7902	12,9052	
13,8866	12,9296	
13,9532	12,9539	
14,0405	12,9296	
14,1505	12,8809	
14,245	12,9052	
14,339	12,9296	
14,4334	12,9539	
14,5284	12,9539	
14,6229	12,9539	
14,718	12,9296	
14,8125	12,9783	
14,9068	13,027	
15,0331	13,1	
15,1287	13,027	
15,206	12,9296	
15,3011	13,0026	
15,3961	13,0026	
15,4892	13,027	
15,6005	13,027	
15,6965	13,0026	
15,7729	13,0026	
15,8686	12,9783	
15,9632	13,027	
16,0578	13,0757	
16,1675	13,0757	
16,2628	13,1	
16,3554	13,1	
16,4247	13,0757	
16,5133	13,1	
16,6078	13,1244	
16,7032	13,1	
16,7979	13,0026	
16,8912	13,0757	
16,9874	13,1	
17,0802	13,1244	
17,1758	13,1731	
17,2697	13,2218	
17,3642	13,2948	
17,4585	13,3435	
17,5523	13,3679	
17,6322	13,4166	
17,7428	13,4409	
17,8371	13,4653	
17,931	13,5383	
18,0593	13,0026	
18,1531	13,1	
18,2464	13,1487	
18,3253	13,1487	
18,4213	13,1731	
18,5153	13,1974	
18,6251	13,1974	
18,7196	13,2461	
18,814	13,1974	
18,8986	13,1974	
18,9846	13,2218	
19,0953	13,2705	
19,1798	13,2461	
19,2659	13,1731	
19,3613	13,2218	
19,4384	13,2218	
19,5499	13,2218	
19,6441	13,2218	
19,7386	13,2218	
19,8341	13,1974	
19,9277	13,2461	
20,001	13,2705	
19,9998	13,2705	
19,9998	13,2461	
19,9998	13,2461	
19,9998	13,2461	
19,9998	13,2461	
19,9998	13,2461	
19,9998	13,2461	
19,9998	13,2461	
19,9998	13,2461	
19,9998	13,2461	
19,9998	13,2218	
19,9998	13,2461	
19,9998	13,2461	
19,9998	13,2461	
19,9998	13,2461	
19,9998	13,2461	
19,9998	13,2461	
19,9998	13,2461	
19,9998	13,2461	
19,9998	13,2461	
19,9998	13,2461	
19,9998	13,2461	
19,9174	13,2461	
19,825	13,1974	
19,7448	13,1	
19,6508	13,0757	
19,5554	13,0513	
19,4615	13,027	
19,3669	13,0026	
19,2714	12,9783	
19,1939	13,0026	
19,0986	13,0026	
19,0052	12,9783	
18,9103	12,9539	
18,8155	12,9052	
18,7198	12,9783	
18,6095	12,9296	
18,5163	12,9296	
18,4215	12,9783	
18,3247	12,9539	
18,2581	12,9539	
18,1693	12,9296	
18,0911	12,9539	
17,9972	12,9539	
17,9028	12,9052	
17,8245	12,9052	
17,7291	12,9052	
17,6349	12,9052	
17,5566	12,8809	
17,4617	12,8809	
17,3659	12,8809	
17,2736	12,8565	
17,1784	12,8565	
17,0838	12,8565	
16,9884	12,8565	
16,894	12,8322	
16,7996	12,8565	
16,7161	12,9052	
16,6583	12,9052	
16,5631	12,8322	
16,469	12,8078	
16,373	12,7591	
16,2797	12,7348	
16,1849	12,7104	
16,0904	12,6374	
15,9948	12,6861	
15,9018	12,613	
15,8064	12,5643	
15,7112	12,5156	
15,6012	12,4426	
15,506	12,5643	
15,4123	12,8809	
15,3182	12,8078	
15,2227	12,7591	
15,1285	12,7591	
15,032	12,7591	
14,9385	12,7348	
14,845	12,7104	
14,7496	12,7104	
14,6398	12,6861	
14,5595	12,6617	
14,4657	12,6374	
14,3708	12,7104	
14,2609	12,6861	
14,1663	12,6374	
14,072	12,6617	
13,9773	12,6617	
13,8989	12,6617	
13,8043	12,613	
13,7095	12,6374	
13,6147	12,613	
13,5192	12,613	
13,425	12,6861	
13,3308	12,6374	
13,2359	12,6617	
13,1416	12,6374	
13,0471	12,613	
12,9516	12,5887	
12,8567	12,5887	
12,7637	12,5643	
12,6688	12,54	
12,5738	12,5156	
12,4774	12,4913	
12,3844	12,5156	
12,2901	12,5156	
12,196	12,5156	
12,101	12,4913	
12,0067	12,4182	
11,9107	12,3939	
11,8168	12,54	
11,7218	12,4913	
11,6278	12,4669	
11,5331	12,4669	
11,4391	12,4426	
11,3445	12,4182	
11,2478	12,3939	
11,1542	12,4182	
11,0602	12,4182	
10,9651	12,4182	
10,87	12,3939	
10,7597	12,3939	
10,6812	12,3695	
10,5715	12,3452	
10,4755	12,2965	
10,3969	12,3452	
10,3033	12,3208	
10,2091	12,3208	
10,1157	12,3208	
10,03	12,2965	
9,94061	12,2965	
9,84632	12,2965	
9,75091	12,2478	
9,65631	12,2234	
9,57785	12,2234	
9,48451	12,2234	
9,40609	12,2234	
9,31117	12,1991	
9,23347	12,1991	
9,13831	12,1991	
9,04318	12,1747	
8,94693	12,126	
8,85417	12,1504	
8,75968	12,1504	
8,66503	12,1747	
8,55447	12,126	
8,45927	12,0773	
8,36417	12,0286	
8,26989	12,0286	
8,17584	12,1017	
8,08099	12,0773	
8,00242	12,053	
7,90828	12,0286	
7,81424	12,0043	
7,71954	11,9799	
7,62403	11,9799	
7,52952	11,9799	
7,45118	11,9799	
7,35666	11,9799	
7,26247	11,9556	
7,17741	11,9312	
7,08908	11,9069	
7,00561	11,9069	
6,91724	11,8825	
6,82273	11,8825	
6,72838	11,8582	
6,63305	11,8339	
6,5387	11,8095	
6,44376	11,8095	
6,34915	11,7852	
6,25411	11,7608	
6,16068	11,7365	
6,09239	11,7365	
6,00297	11,7121	
5,9244	11,6878	
5,83059	11,6391	
5,73505	11,6634	
5,64115	11,6391	
5,54671	11,5904	
5,45076	11,566	
5,38375	11,566	
5,29539	11,5173	
5,20161	11,5173	
5,10605	11,493	
5,01209	11,4443	
4,91654	11,4199	
4,82147	11,3956	
4,74448	11,3712	
4,64881	11,3469	
4,5388	11,3225	
4,44382	11,2738	
4,34978	11,2495	
4,2547	11,2008	
4,16127	11,1521	
4,06639	11,1277	
3,97172	11,079	
3,8755	11,0303	
3,78052	11,006	
3,70341	10,9573	
3,60952	10,9086	
3,5143	10,8842	
3,41835	10,8112	
3,32449	10,7868	
3,23066	10,7138	
3,13601	10,6651	
3,02569	10,592	
2,93099	10,519	
2,83588	10,4459	
2,74116	10,3729	
2,64751	10,2998	
2,56248	10,2268	
2,47564	10,1537	
2,38002	10,0563	
2,28604	9,95894	
2,19109	9,86154	
2,09749	9,76414	
2,00194	9,6424	
1,90761	9,4963	
1,81331	9,3502	
1,71859	9,20411	
1,62374	9,00931	
1,55563	8,81451	
1,48267	8,66842	
1,38836	8,47362	
1,29378	8,20578	
1,19886	7,91358	
1,08774	7,52399	
0,992772	7,01265	
0,898631	6,47696	
0,804276	5,89258	
0,693448	5,18644	
0,609026	4,18811	
0,520024	3,31153	
0,425801	2,2645	
0,332286	1,02268	
0,253547	0,340893	
0,157528	0,292194	
0,064424	0,0730485	
-0,00056	-0,292194	
-4,9E-5	-0,730485	
-4,9E-5	-0,681786	
-4,9E-5	-0,657436	
-4,9E-5	-0,657436	
-4,9E-5	-0,633087	
-4,9E-5	-0,633087	
-4,9E-5	-0,633087	
-4,9E-5	-0,633087	
-4,9E-5	-0,608737	
-4,9E-5	-0,608737	
-4,9E-5	-0,608737	
-4,9E-5	-0,608737	
-4,9E-5	-0,608737	
-4,9E-5	-0,608737	
-4,9E-5	-0,608737	
-4,9E-5	-0,584388	
-4,9E-5	-0,584388	
-4,9E-5	-0,584388	
-4,9E-5	-0,584388	
-4,9E-5	-0,584388	
-4,9E-5	-0,584388	
-4,9E-5	-0,584388	
-4,9E-5	-0,560038	
-4,9E-5	-0,560038	
-4,9E-5	-0,560038	
-4,9E-5	-0,560038	
-4,9E-5	-0,560038	
-4,9E-5	-0,560038	
-4,9E-5	-0,560038	
-4,9E-5	-0,560038	
-4,9E-5	-0,560038	
-4,9E-5	-0,560038	
-4,9E-5	-0,560038	
-4,9E-5	-0,560038	
-4,9E-5	-0,560038	
-4,9E-5	-0,560038	
-4,9E-5	-0,560038	
-4,9E-5	-0,535689	
-4,9E-5	-0,535689	
-4,9E-5	-0,535689	
-4,9E-5	-0,535689	
-4,9E-5	-0,535689	
-4,9E-5	-0,535689	
-4,9E-5	-0,535689	
-4,9E-5	-0,535689	
-4,9E-5	-0,535689	
-4,9E-5	-0,535689	
-4,9E-5	-0,535689	
-4,9E-5	-0,535689	
-4,9E-5	-0,511339	
-4,9E-5	-0,535689	
-4,9E-5	-0,535689	
-4,9E-5	-0,511339	
-4,9E-5	-0,511339	
-4,9E-5	-0,511339	
-4,9E-5	-0,511339	
-4,9E-5	-0,511339	
-4,9E-5	-0,511339	
-4,9E-5	-0,511339	
-4,9E-5	-0,511339	
-4,9E-5	-0,511339	
-4,9E-5	-0,511339	
-4,9E-5	-0,535689	
-4,9E-5	-0,535689	
-4,9E-5	-0,511339	
-4,9E-5	-0,511339	
-4,9E-5	-0,511339	
-4,9E-5	-0,511339	
-4,9E-5	-0,48699	
-4,9E-5	-0,48699	
-4,9E-5	-0,48699	
-4,9E-5	-0,48699	
-4,9E-5	-0,48699	
-4,9E-5	-0,48699	
-4,9E-5	-0,48699	
-4,9E-5	-0,48699	
-4,9E-5	-0,48699	
-4,9E-5	-0,48699	
-4,9E-5	-0,48699	
-4,9E-5	-0,511339	
-4,9E-5	-0,48699	
-4,9E-5	-0,48699	
-4,9E-5	-0,48699	
-4,9E-5	-0,48699	
-4,9E-5	-0,48699	
